### this is  a table of TW using a Runge-Kutta solver suggested by Per-Olaf Persson 
### algorithm coded in C by NP using NAG ODE solver
###  arg    r tail       pdf
    -8.000 1.000000000 0.000000000 
    -7.900 1.000000000 0.000000000 
    -7.800 1.000000000 0.000000000 
    -7.700 1.000000000 0.000000000 
    -7.600 1.000000000 0.000000000 
    -7.500 1.000000000 0.000000001 
    -7.400 1.000000000 0.000000002 
    -7.300 0.999999999 0.000000005 
    -7.200 0.999999999 0.000000010 
    -7.100 0.999999997 0.000000019 
    -7.000 0.999999995 0.000000039 
    -6.900 0.999999989 0.000000076 
    -6.800 0.999999978 0.000000146 
    -6.700 0.999999958 0.000000276 
    -6.600 0.999999920 0.000000511 
    -6.500 0.999999849 0.000000932 
    -6.400 0.999999723 0.000001670 
    -6.300 0.999999498 0.000002942 
    -6.200 0.999999105 0.000005097 
    -6.100 0.999998431 0.000008683 
    -6.000 0.999997293 0.000014554 
    -5.900 0.999995401 0.000024005 
    -5.800 0.999992309 0.000038969 
    -5.700 0.999987331 0.000062279 
    -5.600 0.999979441 0.000098012 
    -5.500 0.999967125 0.000151923 
    -5.400 0.999948187 0.000231995 
    -5.300 0.999919496 0.000349097 
    -5.200 0.999876655 0.000517756 
    -5.100 0.999813597 0.000757035 
    -5.000 0.999722082 0.001091485 
    -4.900 0.999591101 0.001552137 
    -4.800 0.999406175 0.002177466 
    -4.700 0.999148569 0.003014256 
    -4.600 0.998794427 0.004118267 
    -4.500 0.998313849 0.005554591 
    -4.400 0.997669962 0.007397591 
    -4.300 0.996818016 0.009730295 
    -4.200 0.995704571 0.012643159 
    -4.100 0.994266851 0.016232112 
    -4.000 0.992432322 0.020595851 
    -3.900 0.990118582 0.025832397 
    -3.800 0.987233631 0.032034971 
    -3.700 0.983676579 0.039287325 
    -3.600 0.979338843 0.047658716 
    -3.500 0.974105853 0.057198759 
    -3.400 0.967859270 0.067932445 
    -3.300 0.960479677 0.079855636 
    -3.200 0.951849687 0.092931337 
    -3.100 0.941857369 0.107087044 
    -3.000 0.930399881 0.122213418 
    -2.900 0.917387157 0.138164458 
    -2.800 0.902745495 0.154759279 
    -2.700 0.886420892 0.171785501 
    -2.600 0.868381957 0.189004169 
    -2.500 0.848622271 0.206156009 
    -2.400 0.827162053 0.222968755 
    -2.300 0.804049066 0.239165233 
    -2.200 0.779358684 0.254471803 
    -2.100 0.753193114 0.268626779 
    -2.000 0.725679802 0.281388431 
    -1.900 0.696969061 0.292542221 
    -1.800 0.667231036 0.301906945 
    -1.700 0.636652122 0.309339558 
    -1.600 0.605430961 0.314738516 
    -1.500 0.573774198 0.318045543 
    -1.400 0.541892124 0.319245849 
    -1.300 0.509994383 0.318366852 
    -1.200 0.478285870 0.315475570 
    -1.100 0.446962951 0.310674866 
    -1.000 0.416210105 0.304098784 
    -0.900 0.386197065 0.295907232 
    -0.800 0.357076521 0.286280263 
    -0.700 0.328982392 0.275412215 
    -0.600 0.302028689 0.263505933 
    -0.500 0.276308949 0.250767272 
    -0.400 0.251896179 0.237400053 
    -0.300 0.228843301 0.223601597 
    -0.200 0.207183986 0.209558915 
    -0.100 0.186933854 0.195445624 
     0.000 0.168091934 0.181419571 
     0.100 0.150642330 0.167621190 
     0.200 0.134556018 0.154172511 
     0.300 0.119792709 0.141176787 
     0.400 0.106302721 0.128718659 
     0.500 0.094028817 0.116864772 
     0.600 0.082907953 0.105664756 
     0.700 0.072872924 0.095152500 
     0.800 0.063853860 0.085347620 
     0.900 0.055779577 0.076257058 
     1.000 0.048578763 0.067876743 
     1.100 0.042180992 0.060193257 
     1.200 0.036517582 0.053185457 
     1.300 0.031522284 0.046826015 
     1.400 0.027131832 0.041082856 
     1.500 0.023286351 0.035920459 
     1.600 0.019929640 0.031301023 
     1.700 0.017009350 0.027185487 
     1.800 0.014477062 0.023534398 
     1.900 0.012288293 0.020308645 
     2.000 0.010402429 0.017470054 
     2.100 0.008782605 0.014981856 
     2.200 0.007395547 0.012809046 
     2.300 0.006211384 0.010918644 
     2.400 0.005203434 0.009279861 
     2.500 0.004347977 0.007864200 
     2.600 0.003624031 0.006645482 
     2.700 0.003013114 0.005599836 
     2.800 0.002499018 0.004705636 
     2.900 0.002067590 0.003943413 
     3.000 0.001706520 0.003295741 
     3.100 0.001405143 0.002747112 
     3.200 0.001154255 0.002283795 
     3.300 0.000945945 0.001893694 
     3.400 0.000773431 0.001566204 
     3.500 0.000630927 0.001292071 
     3.600 0.000513508 0.001063253 
     3.700 0.000416999 0.000872795 
     3.800 0.000337871 0.000714702 
     3.900 0.000273152 0.000583831 
     4.000 0.000220344 0.000475784 
     4.100 0.000177359 0.000386816 
     4.200 0.000142452 0.000313749 
     4.300 0.000114170 0.000253894 
     4.400 0.000091308 0.000204987 
     4.500 0.000072871 0.000165125 
     4.600 0.000058035 0.000132716 
     4.700 0.000046124 0.000106431 
     4.800 0.000036582 0.000085163 
     4.900 0.000028955 0.000067996 
     5.000 0.000022872 0.000054172 
     5.100 0.000018030 0.000043066 
     5.200 0.000014185 0.000034164 
     5.300 0.000011138 0.000027045 
     5.400 0.000008728 0.000021365 
     5.500 0.000006826 0.000016843 
     5.600 0.000005328 0.000013250 
     5.700 0.000004151 0.000010403 
     5.800 0.000003228 0.000008151 
     5.900 0.000002505 0.000006374 
     6.000 0.000001941 0.000004974 
     6.100 0.000001501 0.000003874 
     6.200 0.000001158 0.000003011 
     6.300 0.000000892 0.000002336 
     6.400 0.000000686 0.000001809 
     6.500 0.000000527 0.000001398 
     6.600 0.000000403 0.000001078 
     6.700 0.000000308 0.000000830 
     6.800 0.000000235 0.000000638 
     6.900 0.000000179 0.000000489 
     7.000 0.000000136 0.000000375 
     7.100 0.000000104 0.000000286 
     7.200 0.000000079 0.000000218 
     7.300 0.000000059 0.000000166 
     7.400 0.000000045 0.000000126 
     7.500 0.000000034 0.000000096 
     7.600 0.000000025 0.000000073 
     7.700 0.000000019 0.000000055 
     7.800 0.000000014 0.000000041 
     7.900 0.000000011 0.000000031 
     8.000 0.000000008 0.000000023 
