  621038  3726228 37883318 allmap.snp
   16987   101922  1036207 panel10.snp
   10757    64542   656177 panel11.snp
   12117    72702   739137 panel12.snp
  151435   908610  9237535 panel13.snp
  111970   671820  6830170 panel1.snp
   78253   469518  4773433 panel2.snp
   48531   291186  2960391 panel3.snp
  163313   979878  9962093 panel4.snp
  124115   744690  7571015 panel5.snp
   12162    72972   741882 panel6.snp
    2635    15810   160735 panel7.snp
   12922    77532   788242 panel8.snp
   14988    89928   914268 panel9.snp
  249370  1496220 15211570 panel:A.snp
 1630593  9783558 99466173 total
