## Jackknife output: chrom 17
    0.100  3605.000000     4.748492     0.228184       112490 
    0.200  5043.000000     3.012066     0.150158       162182 
    0.300  4937.000000     2.409090     0.123202       167987 
    0.400  5176.000000     2.165593     0.106924       166352 
    0.500  5456.000000     2.026132     0.101575       166295 
    0.600  5172.000000     1.802844     0.090443       167020 
    0.700  4821.000000     1.624784     0.081246       163518 
    0.800  4485.000000     1.724101     0.085046       163782 
    0.900  5185.000000     1.409586     0.069386       165226 
    1.000  5054.000000     1.299960     0.063653       164763 
    1.100  4626.000000     1.289445     0.063633       163419 
    1.200  4823.000000     1.267991     0.061503       164601 
    1.300  4621.000000     1.349829     0.065166       163184 
    1.400  4322.000000     1.322528     0.065553       161173 
    1.500  4566.000000     1.383848     0.068648       158451 
    1.600  4950.000000     1.069295     0.054258       157339 
    1.700  4973.000000     0.966082     0.050031       157637 
    1.800  5057.000000     0.974699     0.048858       159141 
    1.900  5025.000000     0.851678     0.042079       158188 
    2.000  5001.000000     0.766203     0.037905       156690 
    2.100  5038.000000     0.756201     0.037178       158931 
    2.200  4523.000000     0.604702     0.029509       157050 
    2.300  4611.000000     0.858969     0.042874       156905 
    2.400  4946.000000     0.721469     0.036379       156615 
    2.500  4999.000000     0.740163     0.037269       152305 
    2.600  4563.000000     0.637849     0.032932       150605 
    2.700  4910.000000     0.720813     0.037172       151329 
    2.800  4693.000000     0.875971     0.044554       150817 
    2.900  4340.000000     0.801370     0.040249       149707 
    3.000  4465.000000     0.578572     0.028377       153180 
    3.100  4438.000000     0.555721     0.027466       151012 
    3.200  4312.000000     0.421046     0.020489       151760 
    3.300  4674.000000     0.624233     0.031216       152177 
    3.400  4943.000000     0.857729     0.044057       150200 
    3.500  4483.000000     0.830544     0.041520       150602 
    3.600  4354.000000     0.748013     0.037227       149316 
    3.700  4310.000000     0.577599     0.028840       148738 
    3.800  4274.000000     0.110405     0.005501       149594 
    3.900  4463.000000     0.492020     0.023848       146586 
    4.000  4752.000000     0.574295     0.028821       148641 
    4.100  4507.000000     0.566401     0.028228       147356 
    4.200  4363.000000     0.514172     0.025837       148561 
    4.300  4681.000000     0.545585     0.027921       147153 
    4.400  4318.000000     0.584555     0.029499       146608 
    4.500  4427.000000     0.413219     0.020666       145047 
    4.600  4360.000000     0.353810     0.017659       146784 
    4.700  4318.000000     0.628390     0.031147       145402 
    4.800  4006.000000     0.424726     0.021342       145246 
    4.900  4004.000000     0.033637     0.001672       145984 
    5.000  4026.000000     0.235960     0.011671       145219 
    5.100  4288.000000     0.388334     0.019995       145313 
    5.200  4128.000000     0.399864     0.020132       148104 
    5.300  4043.000000     0.495741     0.025032       146662 
    5.400  4312.000000     0.045227     0.002237       144343 
    5.500  4243.000000     0.453264     0.023135       145750 
    5.600  4353.000000     0.423464     0.021659       146431 
    5.700  4466.000000     0.601773     0.030500       143213 
    5.800  4452.000000     0.377185     0.018896       143374 
    5.900  4113.000000     0.261146     0.013030       141585 
    6.000  4061.000000     0.549527     0.027606       142950 
    6.100  4415.000000     0.617759     0.030970       141639 
    6.200  4250.000000     0.435305     0.021780       138695 
    6.300  4175.000000     0.435391     0.021845       138379 
    6.400  3660.000000     0.439911     0.021749       140343 
    6.500  4112.000000     0.101913     0.005039       139628 
    6.600  4267.000000    -0.270879    -0.013448       140614 
    6.700  4303.000000     0.178360     0.008678       140794 
    6.800  4424.000000     0.412186     0.020164       139155 
    6.900  3842.000000     0.336949     0.016711       139878 
    7.000  4033.000000     0.305879     0.015280       139889 
    7.100  3852.000000     0.386429     0.019607       139585 
    7.200  4335.000000     0.488120     0.024510       138584 
    7.300  4292.000000     0.512354     0.025633       138853 
    7.400  3926.000000     0.530742     0.026242       138003 
    7.500  3912.000000     0.400468     0.019637       137806 
    7.600  3801.000000     0.425648     0.021087       136668 
    7.700  3745.000000     0.463997     0.023803       136153 
    7.800  3851.000000     0.599013     0.030111       137075 
    7.900  3819.000000     0.456017     0.023578       138878 
    8.000  3458.000000     0.627562     0.032389       139425 
    8.100  3726.000000     0.204921     0.010200       137862 
    8.200  3664.000000     0.223169     0.011155       138508 
    8.300  3730.000000     0.531286     0.026576       136809 
    8.400  3346.000000     0.367437     0.018131       134261 
    8.500  3721.000000     0.098716     0.005035       134132 
    8.600  3932.000000     0.028356     0.001427       134550 
    8.700  3754.000000     0.093655     0.004602       133740 
    8.800  3740.000000     0.471133     0.024060       133935 
    8.900  3806.000000     0.186931     0.009494       132949 
    9.000  3647.000000     0.256321     0.012771       133360 
    9.100  3562.000000     0.360356     0.017876       133838 
    9.200  3689.000000     0.567661     0.028047       134143 
    9.300  3665.000000     0.083362     0.004148       136162 
    9.400  3572.000000     0.334194     0.016622       133187 
    9.500  3467.000000     0.016960     0.000868       133462 
    9.600  3667.000000     0.428619     0.021902       130434 
    9.700  3333.000000     0.324696     0.016038       130902 
    9.800  2987.000000     0.204695     0.009962       130083 
    9.900  3151.000000     0.274135     0.013205       128939 
   10.000  3224.000000     0.191869     0.009624       129358 
   10.100  3313.000000     0.417689     0.021290       131689 
   10.200  3545.000000     0.053818     0.002718       130926 
   10.300  3204.000000     0.231869     0.011678       130625 
   10.400  3372.000000     0.244855     0.012458       130653 
   10.500  3425.000000     0.205267     0.010624       129184 
   10.600  3285.000000     0.211596     0.010850       128144 
   10.700  2995.000000     0.547933     0.027514       128835 
   10.800  2909.000000     0.383205     0.019429       127218 
   10.900  3204.000000     0.264897     0.013321       128533 
   11.000  2966.000000     0.582305     0.029953       125654 
   11.100  3292.000000     0.383567     0.019092       127629 
   11.200  3437.000000     0.004070     0.000204       126976 
   11.300  3461.000000     0.176752     0.008790       128202 
   11.400  3458.000000     0.364150     0.018680       128445 
   11.500  2781.000000     0.245419     0.012339       125312 
   11.600  2805.000000     0.383181     0.019020       125456 
   11.700  3132.000000     0.120092     0.005964       124373 
   11.800  3113.000000     0.364990     0.018089       125265 
   11.900  3187.000000     0.366973     0.018607       123109 
   12.000  3085.000000     0.282723     0.014371       125278 
   12.100  3556.000000     0.066744     0.003450       126566 
   12.200  3268.000000     0.000096     0.000005       125997 
   12.300  3336.000000     0.585403     0.029680       124647 
   12.400  3165.000000     0.257377     0.012627       125018 
   12.500  3243.000000     0.257104     0.012714       123656 
   12.600  2882.000000     0.525960     0.025970       123956 
   12.700  3009.000000     0.137610     0.006951       121738 
   12.800  3005.000000    -0.153362    -0.007757       122805 
   12.900  3152.000000     0.479922     0.024490       121658 
   13.000  3318.000000     0.690302     0.034940       125158 
   13.100  3355.000000     0.456731     0.022544       124336 
   13.200  3062.000000     0.262971     0.013131       122106 
   13.300  3529.000000     0.139561     0.006925       119913 
   13.400  3131.000000    -0.149141    -0.007380       122003 
   13.500  3166.000000    -0.079470    -0.004030       122424 
   13.600  3144.000000     0.175871     0.008760       121869 
   13.700  3145.000000     0.491107     0.024609       123304 
   13.800  3118.000000     0.382528     0.019478       122710 
   13.900  3090.000000     0.400463     0.019617       121352 
   14.000  3145.000000     0.244541     0.012007       121640 
   14.100  2858.000000     0.467934     0.023628       121688 
   14.200  3289.000000     0.258107     0.013029       122333 
   14.300  3185.000000     0.320855     0.016387       123030 
   14.400  3327.000000     0.513815     0.025111       122814 
   14.500  2928.000000     0.373285     0.018882       124953 
   14.600  3206.000000     0.228032     0.011718       123146 
   14.700  3351.000000     0.083572     0.004207       122199 
   14.800  3256.000000     0.197322     0.009947       121654 
   14.900  3116.000000     0.322103     0.016313       121005 
   15.000  3195.000000     0.299394     0.015219       121497 
   15.100  3305.000000     0.376863     0.019273       121336 
   15.200  3158.000000     0.408337     0.020369       120242 
   15.300  3201.000000     0.547189     0.027213       117709 
   15.400  3355.000000     0.186870     0.009168       119407 
   15.500  3066.000000    -0.059833    -0.002974       119697 
   15.600  3008.000000     0.276830     0.014064       119212 
   15.700  3063.000000     0.394388     0.019798       120078 
   15.800  2780.000000     0.105026     0.005247       118751 
   15.900  2985.000000    -0.138814    -0.006767       118910 
   16.000  2948.000000    -0.077008    -0.003821       118879 
   16.100  2963.000000    -0.003851    -0.000192       117316 
   16.200  3229.000000     0.396038     0.019888       118570 
   16.300  2874.000000     0.145211     0.007202       119318 
   16.400  2944.000000     0.249440     0.012586       116799 
   16.500  2864.000000    -0.150126    -0.007434       117540 
   16.600  2829.000000     0.043677     0.002170       116304 
   16.700  3016.000000     0.304028     0.015099       117110 
   16.800  2937.000000     0.028510     0.001433       116395 
   16.900  2959.000000    -0.114137    -0.005852       116682 
   17.000  2850.000000     0.166426     0.008577       115201 
   17.100  2890.000000     0.233221     0.012124       116348 
   17.200  3006.000000     0.208041     0.010919       114488 
   17.300  3266.000000     0.003280     0.000170       113476 
   17.400  3429.000000    -0.067908    -0.003442       114760 
   17.500  3229.000000     0.255315     0.013385       116324 
   17.600  3198.000000     0.479732     0.025554       114554 
   17.700  3541.000000    -0.030530    -0.001577       111696 
   17.800  3693.000000     0.031719     0.001674       111670 
   17.900  3172.000000     0.026007     0.001313       112628 
   18.000  3360.000000     0.231904     0.011754       113690 
   18.100  3111.000000    -0.198998    -0.009864       112457 
   18.200  2957.000000    -0.228336    -0.011460       114246 
   18.300  2888.000000     0.231565     0.011511       112482 
   18.400  3215.000000     0.081020     0.004065       113930 
   18.500  3713.000000     0.378772     0.018627       114164 
   18.600  3225.000000     0.029603     0.001479       115792 
   18.700  3081.000000     0.120441     0.005997       113007 
   18.800  2699.000000     0.473633     0.023721       113234 
   18.900  3028.000000     0.409976     0.020396       115597 
   19.000  3020.000000     0.586132     0.029200       114745 
   19.100  3220.000000     0.379506     0.018425       114799 
   19.200  2944.000000     0.303959     0.015105       113510 
   19.300  3333.000000     0.513395     0.025508       112863 
   19.400  3466.000000     0.476241     0.024498       113851 
   19.500  3540.000000     0.359892     0.018410       113225 
   19.600  3228.000000     0.367291     0.018130       112379 
   19.700  3005.000000     0.910458     0.044229       113914 
   19.800  2848.000000     0.067725     0.003413       113101 
   19.900  2824.000000     0.211387     0.010591       114620 
   20.000  3075.000000     0.062341     0.003187       114479 
   20.100  3160.000000    -0.136714    -0.007012       111899 
   20.200  3016.000000    -0.325862    -0.016137       110199 
   20.300  3119.000000     0.095673     0.004790       110765 
   20.400  3214.000000     0.086957     0.004380       110814 
   20.500  3270.000000     0.205449     0.010610       111546 
   20.600  3461.000000     0.215558     0.011052       110925 
   20.700  3281.000000     0.175820     0.008949       110716 
   20.800  3179.000000     0.225970     0.011297       110926 
   20.900  2962.000000     0.155151     0.007982       109816 
   21.000  3240.000000     0.125152     0.006425       111761 
   21.100  3021.000000    -0.082983    -0.004063       110376 
   21.200  3099.000000    -0.208345    -0.010213       110645 
   21.300  2906.000000     0.045770     0.002184       110555 
   21.400  3006.000000     0.203563     0.009944       111860 
   21.500  2658.000000     0.198028     0.009712       109779 
   21.600  3052.000000     0.257487     0.012779       108983 
   21.700  3109.000000     0.375225     0.018491       109735 
   21.800  3236.000000     0.523383     0.025937       108919 
   21.900  2982.000000     0.538703     0.026541       108849 
   22.000  3063.000000     0.325418     0.015952       108119 
   22.100  2753.000000     0.056262     0.002821       108441 
   22.200  2916.000000     0.019856     0.000997       108010 
   22.300  3162.000000     0.254571     0.012766       108572 
   22.400  3095.000000     0.212969     0.010817       109137 
   22.500  2882.000000     0.433817     0.021926       106821 
   22.600  2797.000000     0.150990     0.007553       106963 
   22.700  2692.000000    -0.138422    -0.006908       109095 
   22.800  2871.000000    -0.085041    -0.004284       107968 
   22.900  3029.000000     0.099037     0.004939       108846 
   23.000  2790.000000     0.374562     0.018753       108247 
   23.100  2944.000000     0.309441     0.015264       107643 
   23.200  2683.000000     0.513149     0.025076       107216 
   23.300  2923.000000     0.162582     0.008018       106959 
   23.400  3217.000000    -0.197016    -0.009608       107929 
   23.500  3107.000000    -0.014091    -0.000687       108761 
   23.600  3016.000000     0.421415     0.020244       108545 
   23.700  2672.000000     0.442358     0.021906       108875 
   23.800  2933.000000    -0.034790    -0.001729       106444 
   23.900  3205.000000     0.093507     0.004678       103447 
   24.000  3091.000000     0.176229     0.008550       102957 
   24.100  2910.000000     0.020031     0.000957       103393 
   24.200  2720.000000    -0.089071    -0.004332       104715 
   24.300  2937.000000     0.271128     0.013265       106947 
   24.400  3020.000000    -0.066992    -0.003390       107384 
   24.500  3088.000000    -0.037113    -0.001848       107023 
   24.600  3367.000000     0.326266     0.016322       105313 
   24.700  3019.000000     0.561711     0.028632       104709 
   24.800  2442.000000     0.174008     0.008774       104598 
   24.900  2976.000000     0.171056     0.008624       102939 
   25.000  2872.000000     0.127534     0.006341       105397 
   25.100  2721.000000     0.306128     0.015219       104591 
   25.200  2764.000000     0.512315     0.025343       105930 
   25.300  2673.000000     0.399607     0.019771       104244 
   25.400  2556.000000     0.112604     0.005611       104800 
   25.500  3044.000000    -0.047580    -0.002398       104398 
   25.600  2866.000000     0.353827     0.018009       103483 
   25.700  2795.000000     0.004004     0.000207       104070 
   25.800  2772.000000    -0.136934    -0.006917       104222 
   25.900  2783.000000     0.288050     0.014619       103676 
   26.000  2801.000000     0.560274     0.027357       106043 
   26.100  3002.000000     0.137811     0.006771       104390 
   26.200  3153.000000     0.137800     0.006627       105130 
   26.300  3032.000000     0.525683     0.026031       105084 
   26.400  2879.000000     0.202832     0.010225       103124 
   26.500  3272.000000     0.335646     0.016762       103034 
   26.600  3329.000000     0.095196     0.004661       103916 
   26.700  3234.000000     0.083654     0.004094       101895 
   26.800  2784.000000    -0.279399    -0.013738       104267 
   26.900  2685.000000    -0.234578    -0.011633       104696 
   27.000  2789.000000     0.013414     0.000659       101343 
   27.100  2616.000000    -0.248696    -0.012391       101718 
   27.200  2593.000000     0.039815     0.001982       102983 
   27.300  2968.000000     0.212170     0.010348       100562 
   27.400  2773.000000    -0.097301    -0.004843       101435 
   27.500  2605.000000     0.109543     0.005475       100112 
   27.600  2518.000000     0.042271     0.002153       101186 
   27.700  2619.000000     0.287488     0.014200       102829 
   27.800  2976.000000    -0.279072    -0.013840       102556 
   27.900  2917.000000    -0.009969    -0.000490       100727 
   28.000  2612.000000     0.139222     0.006902        98325 
   28.100  2330.000000    -0.156361    -0.007847        98471 
   28.200  2395.000000    -0.062270    -0.003171        98879 
   28.300  2677.000000    -0.015008    -0.000764        98449 
   28.400  2460.000000    -0.238451    -0.011895        98408 
   28.500  2555.000000    -0.067169    -0.003352        97669 
   28.600  2658.000000     0.288464     0.014293        99194 
   28.700  2288.000000    -0.068916    -0.003397        98563 
   28.800  2615.000000    -0.000252    -0.000012        99721 
   28.900  2665.000000     0.191811     0.009372       100507 
   29.000  2620.000000    -0.053716    -0.002639        99363 
   29.100  2414.000000    -0.266447    -0.013069        99221 
   29.200  2447.000000    -0.064440    -0.003195        99995 
   29.300  2313.000000    -0.215167    -0.010717       101523 
   29.400  2232.000000    -0.143670    -0.006948        99431 
   29.500  2644.000000    -0.379131    -0.018332        98747 
   29.600  2776.000000    -0.261367    -0.012496        99383 
   29.700  2624.000000    -0.320880    -0.015814       100134 
   29.800  2617.000000    -0.173450    -0.008383        97478 
   29.900  2654.000000    -0.515059    -0.026597        97726 
   30.000  2487.000000     0.157696     0.007908       101214 
   30.100  2424.000000     0.213746     0.010629        99521 
   30.200  2560.000000     0.158134     0.007755       100494 
   30.300  2463.000000    -0.504797    -0.025385        99164 
   30.400  2651.000000    -0.039362    -0.001958       100495 
   30.500  2752.000000     0.112886     0.005467       101615 
   30.600  2832.000000     0.222025     0.010990        98252 
   30.700  2798.000000     0.290404     0.014456        97615 
   30.800  2452.000000    -0.241852    -0.011373        97492 
   30.900  2781.000000    -0.179252    -0.008700        98649 
   31.000  2613.000000    -0.179612    -0.008955        97596 
   31.100  2484.000000     0.514488     0.025947        95631 
   31.200  2525.000000     0.422196     0.020733        97783 
   31.300  2845.000000     0.386657     0.019255        95306 
   31.400  2432.000000     0.340385     0.017062        97324 
   31.500  2655.000000     0.117416     0.005964        96607 
   31.600  2723.000000    -0.170132    -0.008413        96104 
   31.700  2609.000000    -0.077276    -0.003807        95808 
   31.800  2746.000000    -0.002168    -0.000106        94750 
   31.900  2620.000000     0.247570     0.012014        95059 
   32.000  2671.000000     0.274694     0.013605        95881 
   32.100  2540.000000     0.066143     0.003277        94323 
   32.200  2865.000000     0.267273     0.013089        95503 
   32.300  2806.000000     0.398853     0.019938        93808 
   32.400  2904.000000     0.238976     0.011791        93932 
   32.500  2683.000000    -0.131883    -0.006670        93164 
   32.600  2309.000000     0.295843     0.015019        94280 
   32.700  2933.000000     0.120572     0.006036        93496 
   32.800  2974.000000     0.055573     0.002713        93817 
   32.900  2898.000000     0.148165     0.007256        93589 
   33.000  2683.000000    -0.174509    -0.008590        93750 
   33.100  2742.000000     0.120564     0.005945        93662 
   33.200  2529.000000     0.438782     0.021864        94157 
   33.300  2928.000000    -0.128247    -0.006436        93505 
   33.400  2844.000000    -0.008898    -0.000447        93646 
   33.500  2829.000000    -0.158619    -0.007907        93287 
   33.600  2846.000000    -0.225069    -0.011221        94387 
   33.700  2690.000000    -0.315419    -0.015301        94520 
   33.800  2602.000000     0.368898     0.017765        95917 
   33.900  2779.000000    -0.034446    -0.001668        96067 
   34.000  2522.000000    -0.043364    -0.002080        93444 
   34.100  2442.000000    -0.126792    -0.006175        93648 
   34.200  2546.000000    -0.116537    -0.005804        93455 
   34.300  2513.000000    -0.015978    -0.000799        92849 
   34.400  2411.000000     0.053414     0.002587        93850 
   34.500  2645.000000     0.115764     0.005686        92807 
   34.600  2928.000000     0.518348     0.025371        91776 
   34.700  2722.000000     0.407147     0.020140        93469 
   34.800  2658.000000    -0.097155    -0.004870        93481 
   34.900  2442.000000     0.008998     0.000457        91108 
   35.000  2480.000000     0.163739     0.008392        90841 
   35.100  2748.000000     0.000521     0.000026        91447 
   35.200  2728.000000    -0.260843    -0.012909        91247 
   35.300  2324.000000    -0.145606    -0.007381        90391 
   35.400  2602.000000    -0.334549    -0.016500        89697 
   35.500  2586.000000     0.142970     0.007112        91936 
   35.600  2579.000000     0.373835     0.018672        92678 
   35.700  2802.000000    -0.069962    -0.003444        91683 
   35.800  2592.000000    -0.324069    -0.016168        91092 
   35.900  2700.000000    -0.355913    -0.018159        92806 
   36.000  2632.000000    -0.186191    -0.009357        92523 
   36.100  2592.000000    -0.034805    -0.001726        92141 
   36.200  2658.000000    -0.156443    -0.007963        89624 
   36.300  2673.000000    -0.347126    -0.017384        90393 
   36.400  2490.000000    -0.025627    -0.001263        90894 
   36.500  2077.000000     0.170558     0.008726        90765 
   36.600  2401.000000    -0.437931    -0.022161        88363 
   36.700  2334.000000    -0.158535    -0.007670        89173 
   36.800  2200.000000    -0.070736    -0.003493        90110 
   36.900  2395.000000     0.209593     0.010448        90728 
   37.000  2352.000000     0.182695     0.008964        91856 
   37.100  2696.000000     0.551080     0.027081        89963 
   37.200  2323.000000     0.222736     0.010993        92055 
   37.300  2395.000000    -0.090284    -0.004396        91680 
   37.400  2212.000000     0.348478     0.016815        91694 
   37.500  2261.000000     0.138063     0.006738        90794 
   37.600  2414.000000     0.265519     0.013362        90657 
   37.700  2358.000000    -0.065504    -0.003294        90467 
   37.800  2831.000000     0.115012     0.005715        90818 
   37.900  2815.000000    -0.111863    -0.005799        91809 
   38.000  2531.000000    -0.053549    -0.002709        91316 
   38.100  2442.000000    -0.209349    -0.010486        88863 
   38.200  2631.000000     0.187652     0.009685        90275 
   38.300  2464.000000    -0.000263    -0.000014        91545 
   38.400  2609.000000    -0.182572    -0.009029        88670 
   38.500  2396.000000     0.161389     0.008442        87928 
   38.600  2311.000000    -0.143278    -0.007246        86984 
   38.700  2607.000000     0.018858     0.000935        86845 
   38.800  2470.000000     0.284560     0.013769        88600 
   38.900  2592.000000     0.490200     0.023878        88347 
   39.000  2300.000000     0.189683     0.009204        88275 
   39.100  2656.000000     0.073010     0.003633        87071 
   39.200  2540.000000     0.005852     0.000295        87511 
   39.300  2601.000000     0.224475     0.011076        88081 
   39.400  2590.000000     0.346787     0.017152        86823 
   39.500  2442.000000     0.074206     0.003623        87100 
   39.600  2743.000000    -0.274531    -0.014041        86819 
   39.700  2571.000000     0.301424     0.015035        89782 
   39.800  2558.000000     0.083320     0.004112        88224 
   39.900  2236.000000    -0.083280    -0.004206        88363 
   40.000  2456.000000     0.015929     0.000786        87771 
