## Jackknife output: chrom 9
    0.100  5347.000000     4.793859     0.230419       110748 
    0.200  7202.000000     2.984764     0.149315       160023 
    0.300  7184.000000     2.340372     0.119790       165740 
    0.400  7297.000000     2.140378     0.105694       164231 
    0.500  7213.000000     2.084844     0.104675       164538 
    0.600  7182.000000     1.862781     0.093624       165010 
    0.700  6789.000000     1.671956     0.083923       161550 
    0.800  6743.000000     1.808727     0.089472       161524 
    0.900  7305.000000     1.502967     0.073874       163106 
    1.000  7505.000000     1.310625     0.063929       162312 
    1.100  7551.000000     1.172813     0.057842       160494 
    1.200  7391.000000     1.238222     0.060029       162033 
    1.300  7582.000000     1.376765     0.066503       160223 
    1.400  7073.000000     1.354463     0.067032       158422 
    1.500  6706.000000     1.367814     0.067821       156311 
    1.600  6525.000000     1.075128     0.054421       155764 
    1.700  6613.000000     0.972261     0.050308       155997 
    1.800  6771.000000     0.980074     0.049235       157427 
    1.900  6761.000000     0.818930     0.040659       156452 
    2.000  6293.000000     0.789828     0.039080       155398 
    2.100  6686.000000     0.731148     0.036099       157283 
    2.200  6559.000000     0.644280     0.031507       155014 
    2.300  6903.000000     0.785833     0.039362       154613 
    2.400  6765.000000     0.725917     0.036743       154796 
    2.500  6031.000000     0.739624     0.037130       151273 
    2.600  6550.000000     0.646478     0.033439       148618 
    2.700  6419.000000     0.762447     0.039432       149820 
    2.800  6480.000000     0.863777     0.044005       149030 
    2.900  6516.000000     0.789591     0.039752       147531 
    3.000  6145.000000     0.538997     0.026494       151500 
    3.100  6883.000000     0.531799     0.026330       148567 
    3.200  6437.000000     0.373471     0.018254       149635 
    3.300  6567.000000     0.549384     0.027442       150284 
    3.400  6033.000000     0.793107     0.041060       149110 
    3.500  6100.000000     0.738159     0.036924       148985 
    3.600  6601.000000     0.778249     0.038701       147069 
    3.700  6213.000000     0.560646     0.028064       146835 
    3.800  6230.000000     0.114545     0.005700       147638 
    3.900  5879.000000     0.575277     0.027909       145170 
    4.000  6013.000000     0.626670     0.031431       147380 
    4.100  6143.000000     0.564538     0.028075       145720 
    4.200  6145.000000     0.537343     0.026910       146779 
    4.300  6135.000000     0.501838     0.025598       145699 
    4.400  6225.000000     0.569663     0.028798       144701 
    4.500  6586.000000     0.431934     0.021706       142888 
    4.600  6105.000000     0.419001     0.020988       145039 
    4.700  5812.000000     0.647885     0.032154       143908 
    4.800  5971.000000     0.350124     0.017656       143281 
    4.900  6349.000000    -0.071535    -0.003562       143639 
    5.000  5992.000000     0.272305     0.013468       143253 
    5.100  6142.000000     0.445248     0.023002       143459 
    5.200  6039.000000     0.411344     0.020736       146193 
    5.300  5962.000000     0.508390     0.025701       144743 
    5.400  6502.000000     0.080572     0.003993       142153 
    5.500  6938.000000     0.467083     0.023821       143055 
    5.600  6426.000000     0.481254     0.024642       144358 
    5.700  5774.000000     0.671773     0.033990       141905 
    5.800  5832.000000     0.446146     0.022252       141994 
    5.900  6104.000000     0.309101     0.015356       139594 
    6.000  5967.000000     0.509094     0.025548       141044 
    6.100  5574.000000     0.603770     0.030350       140480 
    6.200  5715.000000     0.439222     0.022032       137230 
    6.300  5802.000000     0.424383     0.021325       136752 
    6.400  6052.000000     0.440665     0.021823       137951 
    6.500  5184.000000     0.109665     0.005417       138556 
    6.600  5254.000000    -0.292392    -0.014554       139627 
    6.700  5297.000000     0.194336     0.009468       139800 
    6.800  5370.000000     0.438696     0.021408       138209 
    6.900  5607.000000     0.357119     0.017645       138113 
    7.000  5282.000000     0.322200     0.016056       138640 
    7.100  5448.000000     0.440844     0.022334       137989 
    7.200  5314.000000     0.463902     0.023365       137605 
    7.300  5756.000000     0.517404     0.026008       137389 
    7.400  5729.000000     0.493424     0.024435       136200 
    7.500  5380.000000     0.411177     0.020178       136338 
    7.600  5572.000000     0.384718     0.019135       134897 
    7.700  5113.000000     0.453665     0.023305       134785 
    7.800  5082.000000     0.598415     0.030147       135844 
    7.900  5159.000000     0.482030     0.024945       137538 
    8.000  5362.000000     0.639449     0.033078       137521 
    8.100  5308.000000     0.175447     0.008728       136280 
    8.200  5386.000000     0.184511     0.009225       136786 
    8.300  5390.000000     0.495556     0.024789       135149 
    8.400  5680.000000     0.325483     0.016013       131927 
    8.500  5928.000000     0.099879     0.005126       131925 
    8.600  5690.000000     0.117257     0.005911       132792 
    8.700  5565.000000     0.172756     0.008469       131929 
    8.800  5305.000000     0.550888     0.028061       132370 
    8.900  5233.000000     0.220646     0.011181       131522 
    9.000  5279.000000     0.252160     0.012564       131728 
    9.100  4831.000000     0.433184     0.021432       132569 
    9.200  5651.000000     0.661879     0.032757       132181 
    9.300  5102.000000     0.130372     0.006500       134725 
    9.400  5351.000000     0.410025     0.020359       131408 
    9.500  5492.000000     0.152551     0.007779       131437 
    9.600  5398.000000     0.482314     0.024651       128703 
    9.700  5085.000000     0.475586     0.023426       129150 
    9.800  5006.000000     0.184537     0.008965       128064 
    9.900  5298.000000     0.277130     0.013381       126792 
   10.000  5280.000000     0.212280     0.010718       127302 
   10.100  5545.000000     0.469897     0.024142       129457 
   10.200  5048.000000     0.079664     0.004019       129423 
   10.300  5152.000000     0.246098     0.012431       128677 
   10.400  5362.000000     0.234098     0.011949       128663 
   10.500  5722.000000     0.175940     0.009140       126887 
   10.600  5635.000000     0.237283     0.012188       125794 
   10.700  5729.000000     0.555104     0.027937       126101 
   10.800  5522.000000     0.391063     0.019869       124605 
   10.900  5491.000000     0.331380     0.016760       126246 
   11.000  4990.000000     0.584534     0.030213       123630 
   11.100  5547.000000     0.363189     0.018010       125374 
   11.200  5627.000000     0.022193     0.001109       124786 
   11.300  5306.000000     0.216201     0.010752       126357 
   11.400  5309.000000     0.359354     0.018491       126594 
   11.500  5019.000000     0.259986     0.013066       123074 
   11.600  5056.000000     0.376895     0.018685       123205 
   11.700  5158.000000     0.169044     0.008418       122347 
   11.800  5148.000000     0.433688     0.021673       123230 
   11.900  4807.000000     0.450364     0.022987       121489 
   12.000  4657.000000     0.379424     0.019306       123706 
   12.100  5105.000000     0.138325     0.007150       125017 
   12.200  5345.000000     0.037983     0.001916       123920 
   12.300  5286.000000     0.582747     0.029539       122697 
   12.400  4987.000000     0.205408     0.010087       123196 
   12.500  4972.000000     0.236439     0.011725       121927 
   12.600  5310.000000     0.614280     0.030400       121528 
   12.700  5398.000000     0.151261     0.007667       119349 
   12.800  5598.000000    -0.109963    -0.005570       120212 
   12.900  5607.000000     0.530448     0.027067       119203 
   13.000  5475.000000     0.703243     0.035607       123001 
   13.100  5100.000000     0.492717     0.024265       122591 
   13.200  5152.000000     0.193876     0.009621       120016 
   13.300  5027.000000     0.131460     0.006497       118415 
   13.400  5030.000000    -0.200885    -0.009890       120104 
   13.500  4904.000000    -0.119935    -0.006082       120686 
   13.600  5164.000000     0.179353     0.008941       119849 
   13.700  5137.000000     0.544617     0.027446       121312 
   13.800  4792.000000     0.378099     0.019321       121036 
   13.900  5196.000000     0.395206     0.019455       119246 
   14.000  5083.000000     0.260009     0.012844       119702 
   14.100  5135.000000     0.493639     0.025031       119411 
   14.200  5407.000000     0.223592     0.011300       120215 
   14.300  5045.000000     0.245491     0.012514       121170 
   14.400  5044.000000     0.416480     0.020427       121097 
   14.500  5141.000000     0.341632     0.017291       122740 
   14.600  4987.000000     0.199293     0.010238       121365 
   14.700  5173.000000     0.033519     0.001692       120377 
   14.800  5302.000000     0.156277     0.007856       119608 
   14.900  5238.000000     0.367166     0.018627       118883 
   15.000  5640.000000     0.306875     0.015595       119052 
   15.100  5210.000000     0.379151     0.019410       119431 
   15.200  5051.000000     0.368555     0.018392       118349 
   15.300  5170.000000     0.535600     0.026697       115740 
   15.400  5022.000000     0.192135     0.009405       117740 
   15.500  5124.000000    -0.100210    -0.004990       117639 
   15.600  5405.000000     0.351792     0.017912       116815 
   15.700  4958.000000     0.463709     0.023356       118183 
   15.800  5375.000000     0.101543     0.005080       116156 
   15.900  5319.000000    -0.045560    -0.002221       116576 
   16.000  5601.000000    -0.005691    -0.000283       116226 
   16.100  5173.000000     0.042237     0.002107       115106 
   16.200  5367.000000     0.382089     0.019283       116432 
   16.300  5452.000000     0.097480     0.004851       116740 
   16.400  4997.000000     0.146324     0.007418       114746 
   16.500  5407.000000    -0.190238    -0.009455       114997 
   16.600  5283.000000     0.007246     0.000361       113850 
   16.700  5070.000000     0.320387     0.015930       115056 
   16.800  5119.000000     0.033697     0.001694       114213 
   16.900  4778.000000    -0.129863    -0.006683       114863 
   17.000  4898.000000     0.106612     0.005506       113153 
   17.100  4668.000000     0.238076     0.012413       114570 
   17.200  4932.000000     0.205413     0.010818       112562 
   17.300  5033.000000    -0.003766    -0.000197       111709 
   17.400  4976.000000    -0.066776    -0.003386       113213 
   17.500  5136.000000     0.188224     0.009866       114417 
   17.600  5238.000000     0.460588     0.024484       112514 
   17.700  5039.000000     0.019955     0.001034       110198 
   17.800  4836.000000     0.021998     0.001158       110527 
   17.900  4822.000000    -0.029964    -0.001513       110978 
   18.000  5090.000000     0.287857     0.014603       111960 
   18.100  5256.000000    -0.189840    -0.009377       110312 
   18.200  4876.000000    -0.171077    -0.008595       112327 
   18.300  4778.000000     0.225816     0.011301       110592 
   18.400  4916.000000     0.106200     0.005360       112229 
   18.500  4977.000000     0.412831     0.020378       112900 
   18.600  4671.000000     0.001968     0.000099       114346 
   18.700  4792.000000     0.132218     0.006599       111296 
   18.800  5126.000000     0.511551     0.025630       110807 
   18.900  4821.000000     0.381853     0.019068       113804 
   19.000  4751.000000     0.541449     0.027034       113014 
   19.100  4910.000000     0.355654     0.017279       113109 
   19.200  4935.000000     0.311932     0.015511       111519 
   19.300  5233.000000     0.579799     0.028842       110963 
   19.400  4832.000000     0.506177     0.026100       112485 
   19.500  4933.000000     0.373422     0.019151       111832 
   19.600  5034.000000     0.294881     0.014586       110573 
   19.700  5108.000000     0.866780     0.042239       111811 
   19.800  5063.000000     0.068330     0.003469       110886 
   19.900  5001.000000     0.205794     0.010385       112443 
   20.000  5284.000000     0.073257     0.003772       112270 
   20.100  4746.000000    -0.048980    -0.002519       110313 
   20.200  4635.000000    -0.220964    -0.010951       108580 
   20.300  4603.000000     0.121978     0.006122       109281 
   20.400  4739.000000     0.114610     0.005794       109289 
   20.500  4836.000000     0.181182     0.009378       109980 
   20.600  4940.000000     0.170105     0.008729       109446 
   20.700  4352.000000     0.135737     0.006903       109645 
   20.800  4636.000000     0.164153     0.008194       109469 
   20.900  4614.000000     0.131347     0.006754       108164 
   21.000  4500.000000     0.082649     0.004253       110501 
   21.100  4678.000000    -0.033695    -0.001660       108719 
   21.200  4535.000000    -0.161522    -0.007958       109209 
   21.300  4046.000000     0.006104     0.000292       109415 
   21.400  4626.000000     0.163111     0.007989       110240 
   21.500  4537.000000     0.121538     0.005988       107900 
   21.600  3850.000000     0.137989     0.006890       108185 
   21.700  3803.000000     0.217687     0.010888       109041 
   21.800  3815.000000     0.426314     0.021334       108340 
   21.900  4051.000000     0.473366     0.023427       107780 
   22.000  3766.000000     0.249931     0.012273       107416 
   22.100  3947.000000    -0.029188    -0.001466       107247 
   22.200  3825.000000    -0.043642    -0.002187       107101 
   22.300  3842.000000     0.256142     0.012848       107892 
   22.400  4380.000000     0.183140     0.009357       107852 
   22.500  3730.000000     0.464808     0.023594       105973 
   22.600  3952.000000     0.197061     0.009884       105808 
   22.700  3814.000000    -0.109759    -0.005467       107973 
   22.800  3626.000000    -0.157633    -0.007916       107213 
   22.900  4021.000000     0.010048     0.000504       107854 
   23.000  4055.000000     0.204461     0.010256       106982 
   23.100  3898.000000     0.202102     0.010005       106689 
   23.200  3815.000000     0.378254     0.018564       106084 
   23.300  3804.000000    -0.004844    -0.000241       106078 
   23.400  3929.000000    -0.313738    -0.015324       107217 
   23.500  4259.000000    -0.081743    -0.004011       107609 
   23.600  4616.000000     0.393035     0.018970       106945 
   23.700  4538.000000     0.414167     0.020610       107009 
   23.800  3692.000000    -0.023916    -0.001189       105685 
   23.900  3346.000000     0.141239     0.007057       103306 
   24.000  3418.000000     0.136735     0.006634       102630 
   24.100  3704.000000     0.023258     0.001116       102599 
   24.200  3860.000000    -0.008231    -0.000401       103575 
   24.300  4316.000000     0.265901     0.013036       105568 
   24.400  3935.000000    -0.063369    -0.003216       106469 
   24.500  3604.000000    -0.003836    -0.000191       106507 
   24.600  3466.000000     0.356525     0.017833       105214 
   24.700  3696.000000     0.574855     0.029363       104032 
   24.800  3587.000000     0.098861     0.005012       103453 
   24.900  3362.000000     0.106201     0.005375       102553 
   25.000  3312.000000     0.149876     0.007481       104957 
   25.100  3585.000000     0.273416     0.013584       103727 
   25.200  3767.000000     0.516540     0.025621       104927 
   25.300  4008.000000     0.312371     0.015501       102909 
   25.400  4019.000000     0.067460     0.003363       103337 
   25.500  3887.000000    -0.033348    -0.001682       103555 
   25.600  3940.000000     0.315537     0.016054       102409 
   25.700  3912.000000    -0.027956    -0.001451       102953 
   25.800  3704.000000    -0.225908    -0.011477       103290 
   25.900  4026.000000     0.270548     0.013826       102433 
   26.000  4120.000000     0.598947     0.029330       104724 
   26.100  3729.000000     0.185917     0.009156       103663 
   26.200  3502.000000     0.105216     0.005080       104781 
   26.300  3509.000000     0.498269     0.024662       104607 
   26.400  3590.000000     0.148477     0.007476       102413 
   26.500  3780.000000     0.337947     0.016942       102526 
   26.600  3672.000000     0.002812     0.000138       103573 
   26.700  3221.000000     0.023342     0.001140       101908 
   26.800  3476.000000    -0.265872    -0.013145       103575 
   26.900  3645.000000    -0.267476    -0.013186       103736 
   27.000  3301.000000     0.038622     0.001899       100831 
   27.100  3546.000000    -0.213291    -0.010608       100788 
   27.200  3791.000000     0.059653     0.002980       101785 
   27.300  3820.000000     0.268153     0.013143        99710 
   27.400  3366.000000    -0.048786    -0.002429       100842 
   27.500  3227.000000     0.075654     0.003786        99490 
   27.600  3147.000000     0.083117     0.004252       100557 
   27.700  3450.000000     0.296281     0.014717       101998 
   27.800  3688.000000    -0.300629    -0.014881       101844 
   27.900  3495.000000    -0.013136    -0.000648       100149 
   28.000  3204.000000     0.159731     0.007966        97733 
   28.100  3473.000000    -0.181503    -0.009208        97328 
   28.200  3533.000000    -0.058550    -0.003013        97741 
   28.300  3863.000000    -0.108682    -0.005590        97263 
   28.400  3750.000000    -0.221869    -0.011164        97118 
   28.500  3839.000000     0.009958     0.000501        96385 
   28.600  3784.000000     0.288099     0.014324        98068 
   28.700  3639.000000    -0.029953    -0.001477        97212 
   28.800  4016.000000     0.071869     0.003552        98320 
   28.900  3526.000000     0.262622     0.012802        99646 
   29.000  3369.000000     0.071090     0.003497        98614 
   29.100  3640.000000    -0.092791    -0.004565        97995 
   29.200  4335.000000     0.024287     0.001209        98107 
   29.300  3685.000000    -0.133558    -0.006667       100151 
   29.400  3791.000000    -0.093436    -0.004549        97872 
   29.500  3554.000000    -0.361289    -0.017499        97837 
   29.600  3660.000000    -0.298575    -0.014231        98499 
   29.700  3543.000000    -0.291050    -0.014317        99215 
   29.800  3374.000000    -0.142195    -0.006912        96721 
   29.900  3380.000000    -0.532606    -0.027591        97000 
   30.000  3384.000000     0.167047     0.008380       100317 
   30.100  3341.000000     0.212248     0.010547        98604 
   30.200  3153.000000     0.182982     0.009001        99901 
   30.300  3312.000000    -0.555377    -0.028009        98315 
   30.400  3475.000000    -0.148677    -0.007369        99671 
   30.500  3793.000000     0.176359     0.008511       100574 
   30.600  3960.000000     0.303240     0.014993        97124 
   30.700  3833.000000     0.351187     0.017525        96580 
   30.800  3643.000000    -0.187368    -0.008844        96301 
   30.900  4194.000000    -0.158185    -0.007727        97236 
   31.000  3355.000000    -0.131777    -0.006571        96854 
   31.100  3216.000000     0.562951     0.028414        94899 
   31.200  3202.000000     0.495474     0.024360        97106 
   31.300  3406.000000     0.384517     0.019226        94745 
   31.400  3680.000000     0.341736     0.017337        96076 
   31.500  3621.000000     0.169526     0.008728        95641 
   31.600  3654.000000    -0.237203    -0.011757        95173 
   31.700  3421.000000    -0.111682    -0.005536        94996 
   31.800  3630.000000    -0.029989    -0.001483        93866 
   31.900  3407.000000     0.220942     0.010800        94272 
   32.000  3483.000000     0.246123     0.012158        95069 
   32.100  3082.000000     0.181769     0.008990        93781 
   32.200  3360.000000     0.358039     0.017594        95008 
   32.300  3033.000000     0.444809     0.022333        93581 
   32.400  3065.000000     0.182741     0.009028        93771 
   32.500  2915.000000    -0.103241    -0.005260        92932 
   32.600  3318.000000     0.290298     0.014785        93271 
   32.700  3312.000000     0.093817     0.004684        93117 
   32.800  3508.000000     0.007432     0.000365        93283 
   32.900  3182.000000     0.144233     0.007121        93305 
   33.000  3145.000000    -0.104056    -0.005158        93288 
   33.100  3291.000000     0.149254     0.007363        93113 
   33.200  3215.000000     0.450219     0.022409        93471 
   33.300  3148.000000    -0.093821    -0.004701        93285 
   33.400  2767.000000    -0.045562    -0.002289        93723 
   33.500  2779.000000    -0.185427    -0.009252        93337 
   33.600  3093.000000    -0.277970    -0.013972        94140 
   33.700  3158.000000    -0.285145    -0.013906        94052 
   33.800  3179.000000     0.356955     0.017318        95340 
   33.900  3447.000000     0.001305     0.000063        95399 
   34.000  3597.000000     0.009715     0.000469        92369 
   34.100  3717.000000     0.020507     0.000999        92373 
   34.200  3546.000000    -0.063233    -0.003146        92455 
   34.300  3214.000000    -0.015216    -0.000760        92148 
   34.400  3122.000000     0.027628     0.001339        93139 
   34.500  3337.000000     0.086868     0.004259        92115 
   34.600  3065.000000     0.465431     0.022699        91639 
   34.700  3090.000000     0.260396     0.012889        93101 
   34.800  3408.000000    -0.166120    -0.008308        92731 
   34.900  3105.000000    -0.006026    -0.000309        90445 
   35.000  3153.000000     0.131888     0.006774        90168 
   35.100  3384.000000    -0.051174    -0.002526        90811 
   35.200  3530.000000    -0.214586    -0.010620        90445 
   35.300  3329.000000    -0.165065    -0.008442        89386 
   35.400  3347.000000    -0.271113    -0.013471        88952 
   35.500  3057.000000     0.152730     0.007607        91465 
   35.600  3126.000000     0.209997     0.010493        92131 
   35.700  3459.000000    -0.123956    -0.006097        91026 
   35.800  3493.000000    -0.377665    -0.018820        90191 
   35.900  3524.000000    -0.318454    -0.016238        91982 
   36.000  3782.000000    -0.173741    -0.008733        91373 
   36.100  3532.000000    -0.029132    -0.001452        91201 
   36.200  3017.000000    -0.172443    -0.008803        89265 
   36.300  3549.000000    -0.359822    -0.018159        89517 
   36.400  3717.000000    -0.006921    -0.000343        89667 
   36.500  3856.000000     0.177115     0.009102        88986 
   36.600  3193.000000    -0.368206    -0.018702        87571 
   36.700  3315.000000    -0.117463    -0.005705        88192 
   36.800  3532.000000    -0.080086    -0.003953        88778 
   36.900  3437.000000     0.221084     0.011063        89686 
   37.000  3231.000000     0.245749     0.012072        90977 
   37.100  3411.000000     0.573173     0.028238        89248 
   37.200  3184.000000     0.238327     0.011755        91194 
   37.300  3363.000000    -0.125654    -0.006126        90712 
   37.400  2962.000000     0.279524     0.013553        90944 
   37.500  3038.000000     0.079138     0.003865        90017 
   37.600  3165.000000     0.217835     0.011079        89906 
   37.700  3190.000000    -0.088645    -0.004494        89635 
   37.800  2838.000000     0.144357     0.007235        90811 
   37.900  2850.000000     0.030342     0.001591        91774 
   38.000  2948.000000    -0.004943    -0.000251        90899 
   38.100  2830.000000    -0.192475    -0.009633        88475 
   38.200  2982.000000     0.111400     0.005766        89924 
   38.300  2974.000000     0.043994     0.002271        91035 
   38.400  3103.000000    -0.257454    -0.012771        88176 
   38.500  2757.000000     0.177879     0.009294        87567 
   38.600  3004.000000    -0.141205    -0.007141        86291 
   38.700  3017.000000     0.013373     0.000665        86435 
   38.800  3171.000000     0.344526     0.016707        87899 
   38.900  3000.000000     0.550505     0.026838        87939 
   39.000  2890.000000     0.269640     0.013175        87685 
   39.100  2934.000000     0.053845     0.002693        86793 
   39.200  2814.000000     0.030577     0.001545        87237 
   39.300  2778.000000     0.245685     0.012165        87904 
   39.400  2933.000000     0.406155     0.020209        86480 
   39.500  3429.000000     0.126876     0.006271        86113 
   39.600  3351.000000    -0.308304    -0.015794        86211 
   39.700  2775.000000     0.234350     0.011755        89578 
   39.800  2993.000000     0.042507     0.002103        87789 
   39.900  3109.000000    -0.079658    -0.004025        87490 
   40.000  3121.000000     0.045107     0.002244        87106 
