## Jackknife output: chrom 16
    0.100  5887.000000     4.753614     0.227417       110208 
    0.200  8194.000000     3.024050     0.150217       159031 
    0.300  8914.000000     2.294763     0.117211       164010 
    0.400  8039.000000     2.187040     0.107018       163489 
    0.500  8207.000000     2.032564     0.101589       163544 
    0.600  8153.000000     1.771255     0.088801       164039 
    0.700  7435.000000     1.626954     0.081832       160904 
    0.800  7808.000000     1.769951     0.087746       160459 
    0.900  8182.000000     1.368214     0.067654       162229 
    1.000  7971.000000     1.274646     0.062438       161846 
    1.100  7749.000000     1.179857     0.057982       160296 
    1.200  7716.000000     1.247377     0.060609       161708 
    1.300  7371.000000     1.317040     0.063553       160434 
    1.400  7609.000000     1.260448     0.062367       157886 
    1.500  7331.000000     1.369830     0.068106       155686 
    1.600  7626.000000     1.038929     0.052629       154663 
    1.700  7730.000000     0.972682     0.050293       154880 
    1.800  7188.000000     0.948972     0.047597       157010 
    1.900  7251.000000     0.762008     0.037751       155962 
    2.000  6986.000000     0.793713     0.039070       154705 
    2.100  6539.000000     0.718355     0.035280       157430 
    2.200  6655.000000     0.655638     0.031852       154918 
    2.300  6638.000000     0.818020     0.040789       154878 
    2.400  6730.000000     0.710472     0.035650       154831 
    2.500  7296.000000     0.742966     0.037226       150008 
    2.600  6539.000000     0.654370     0.033833       148629 
    2.700  6780.000000     0.732338     0.037755       149459 
    2.800  6954.000000     0.802004     0.040752       148556 
    2.900  6548.000000     0.789626     0.039742       147499 
    3.000  6683.000000     0.548957     0.026897       150962 
    3.100  6761.000000     0.509662     0.025125       148689 
    3.200  7132.000000     0.404970     0.019783       148940 
    3.300  7156.000000     0.503138     0.025051       149695 
    3.400  6782.000000     0.791131     0.040832       148361 
    3.500  7059.000000     0.761523     0.038213       148026 
    3.600  7042.000000     0.738724     0.036759       146628 
    3.700  6915.000000     0.512826     0.025590       146133 
    3.800  6948.000000     0.068254     0.003395       146920 
    3.900  6622.000000     0.437367     0.021139       144427 
    4.000  6157.000000     0.546552     0.027411       147236 
    4.100  6860.000000     0.537267     0.026823       145003 
    4.200  6518.000000     0.483859     0.024360       146406 
    4.300  6428.000000     0.530026     0.027066       145406 
    4.400  7244.000000     0.550327     0.027878       143682 
    4.500  6705.000000     0.328998     0.016476       142769 
    4.600  6423.000000     0.413096     0.020529       144721 
    4.700  6387.000000     0.601233     0.029679       143333 
    4.800  6364.000000     0.363493     0.018272       142888 
    4.900  6372.000000    -0.012848    -0.000640       143616 
    5.000  6305.000000     0.261835     0.012945       142940 
    5.100  6866.000000     0.411662     0.021078       142735 
    5.200  6581.000000     0.371301     0.018621       145651 
    5.300  6092.000000     0.461638     0.023290       144613 
    5.400  6137.000000     0.063098     0.003129       142518 
    5.500  6196.000000     0.496576     0.025195       143797 
    5.600  6349.000000     0.350697     0.017817       144435 
    5.700  5650.000000     0.617202     0.031242       142029 
    5.800  5442.000000     0.400751     0.020057       142384 
    5.900  5453.000000     0.225641     0.011224       140245 
    6.000  6255.000000     0.482657     0.024127       140756 
    6.100  5876.000000     0.611865     0.030617       140178 
    6.200  5485.000000     0.504989     0.025286       137460 
    6.300  6049.000000     0.455305     0.022815       136505 
    6.400  6075.000000     0.451210     0.022368       137928 
    6.500  5896.000000     0.112813     0.005586       137844 
    6.600  5767.000000    -0.235904    -0.011702       139114 
    6.700  5725.000000     0.172651     0.008398       139372 
    6.800  6077.000000     0.403914     0.019731       137502 
    6.900  6251.000000     0.313072     0.015488       137469 
    7.000  6384.000000     0.206849     0.010313       137538 
    7.100  6070.000000     0.389643     0.019643       137367 
    7.200  5507.000000     0.433463     0.021675       137412 
    7.300  6029.000000     0.468729     0.023485       137116 
    7.400  5729.000000     0.408219     0.020273       136200 
    7.500  5901.000000     0.378718     0.018541       135817 
    7.600  5574.000000     0.369863     0.018397       134895 
    7.700  5292.000000     0.447337     0.023089       134606 
    7.800  4802.000000     0.617332     0.031086       136124 
    7.900  5268.000000     0.486344     0.025241       137429 
    8.000  5878.000000     0.650549     0.033737       137005 
    8.100  5180.000000     0.206900     0.010310       136408 
    8.200  5307.000000     0.277806     0.013862       136865 
    8.300  5758.000000     0.498607     0.024763       134781 
    8.400  5685.000000     0.449728     0.022078       131922 
    8.500  5660.000000     0.062035     0.003168       132193 
    8.600  5501.000000     0.135329     0.006819       132981 
    8.700  5375.000000     0.251022     0.012294       132119 
    8.800  5426.000000     0.591746     0.030054       132249 
    8.900  4952.000000     0.244122     0.012362       131803 
    9.000  4708.000000     0.294401     0.014699       132299 
    9.100  4397.000000     0.405682     0.020033       133003 
    9.200  4649.000000     0.628441     0.031005       133183 
    9.300  4672.000000     0.129634     0.006444       135155 
    9.400  4477.000000     0.443135     0.022031       132282 
    9.500  4768.000000     0.153530     0.007821       132161 
    9.600  4754.000000     0.520926     0.026612       129347 
    9.700  4364.000000     0.356891     0.017567       129871 
    9.800  4541.000000     0.214771     0.010480       128529 
    9.900  5034.000000     0.274425     0.013221       127056 
   10.000  4677.000000     0.171845     0.008654       127905 
   10.100  4491.000000     0.477790     0.024494       130511 
   10.200  4404.000000     0.120853     0.006094       130067 
   10.300  4383.000000     0.262883     0.013253       129446 
   10.400  4470.000000     0.232163     0.011851       129555 
   10.500  4018.000000     0.148132     0.007693       128591 
   10.600  3841.000000     0.208739     0.010724       127588 
   10.700  4325.000000     0.583841     0.029210       127505 
   10.800  3747.000000     0.372239     0.018847       126380 
   10.900  3776.000000     0.331139     0.016651       127961 
   11.000  3818.000000     0.566521     0.029154       124802 
   11.100  3889.000000     0.330547     0.016439       127032 
   11.200  3769.000000    -0.044077    -0.002204       126644 
   11.300  3856.000000     0.196723     0.009784       127807 
   11.400  4068.000000     0.322429     0.016480       127835 
   11.500  4419.000000     0.252309     0.012662       123674 
   11.600  4406.000000     0.383917     0.019012       123855 
   11.700  3820.000000     0.182969     0.009055       123685 
   11.800  3965.000000     0.424607     0.020986       124413 
   11.900  3735.000000     0.453283     0.023067       122561 
   12.000  4227.000000     0.297841     0.015146       124136 
   12.100  4213.000000     0.079813     0.004107       125909 
   12.200  3840.000000     0.003675     0.000184       125425 
   12.300  4178.000000     0.589694     0.029844       123805 
   12.400  4005.000000     0.250761     0.012329       124178 
   12.500  3986.000000     0.278387     0.013735       122913 
   12.600  3730.000000     0.558094     0.027618       123108 
   12.700  3430.000000     0.199344     0.010057       121317 
   12.800  3675.000000    -0.125129    -0.006290       122135 
   12.900  3748.000000     0.498722     0.025500       121062 
   13.000  3677.000000     0.740094     0.037472       124799 
   13.100  3954.000000     0.456013     0.022501       123737 
   13.200  3629.000000     0.215396     0.010703       121539 
   13.300  4053.000000     0.097744     0.004847       119389 
   13.400  3963.000000    -0.180034    -0.008834       121171 
   13.500  4282.000000    -0.085992    -0.004347       121308 
   13.600  4171.000000     0.173710     0.008626       120842 
   13.700  3932.000000     0.503887     0.025239       122517 
   13.800  4124.000000     0.395303     0.020062       121704 
   13.900  3984.000000     0.339334     0.016656       120458 
   14.000  3888.000000     0.245247     0.012071       120897 
   14.100  3536.000000     0.414613     0.021029       121010 
   14.200  3462.000000     0.277308     0.013991       122160 
   14.300  4011.000000     0.275603     0.014068       122204 
   14.400  3628.000000     0.491827     0.024103       122513 
   14.500  4008.000000     0.316102     0.016087       123873 
   14.600  3431.000000     0.158688     0.008144       122921 
   14.700  3621.000000    -0.004917    -0.000248       121929 
   14.800  3724.000000     0.134933     0.006786       121186 
   14.900  3566.000000     0.312371     0.015769       120555 
   15.000  3387.000000     0.231481     0.011751       121305 
   15.100  3052.000000     0.354636     0.018133       121589 
   15.200  2906.000000     0.386685     0.019279       120494 
   15.300  2753.000000     0.529685     0.026263       118157 
   15.400  3134.000000     0.245806     0.011983       119628 
   15.500  3291.000000    -0.070583    -0.003509       119472 
   15.600  2960.000000     0.229756     0.011722       119260 
   15.700  3019.000000     0.382968     0.019179       120122 
   15.800  3501.000000     0.143342     0.007160       118030 
   15.900  3302.000000    -0.091317    -0.004465       118593 
   16.000  3209.000000    -0.057328    -0.002834       118618 
   16.100  2927.000000    -0.018279    -0.000909       117352 
   16.200  3023.000000     0.351568     0.017700       118776 
   16.300  3292.000000     0.073573     0.003651       118900 
   16.400  3113.000000     0.214082     0.010783       116630 
   16.500  2944.000000    -0.192886    -0.009560       117460 
   16.600  3060.000000     0.027267     0.001355       116073 
   16.700  3254.000000     0.313707     0.015611       116872 
   16.800  2989.000000     0.013075     0.000656       116343 
   16.900  2793.000000    -0.184224    -0.009492       116848 
   17.000  3320.000000     0.064498     0.003334       114731 
   17.100  3330.000000     0.187299     0.009706       115908 
   17.200  3422.000000     0.174429     0.009156       114072 
   17.300  3321.000000     0.002574     0.000134       113421 
   17.400  3121.000000    -0.107104    -0.005425       115068 
   17.500  3125.000000     0.194173     0.010157       116428 
   17.600  2851.000000     0.464641     0.024743       114901 
   17.700  2602.000000    -0.023835    -0.001230       112635 
   17.800  2711.000000    -0.000908    -0.000048       112652 
   17.900  3086.000000    -0.079221    -0.004007       112714 
   18.000  3033.000000     0.187330     0.009477       114017 
   18.100  2712.000000    -0.196687    -0.009672       112856 
   18.200  3140.000000    -0.177999    -0.008881       114063 
   18.300  2963.000000     0.281923     0.013973       112407 
   18.400  3150.000000     0.161128     0.008063       113995 
   18.500  2948.000000     0.433418     0.021363       114929 
   18.600  3120.000000     0.016113     0.000805       115897 
   18.700  2957.000000     0.117984     0.005880       113131 
   18.800  2731.000000     0.420343     0.021064       113202 
   18.900  2870.000000     0.336409     0.016725       115755 
   19.000  2633.000000     0.566089     0.028199       115132 
   19.100  2766.000000     0.317203     0.015419       115253 
   19.200  2450.000000     0.312854     0.015563       114004 
   19.300  2523.000000     0.548286     0.027281       113673 
   19.400  2873.000000     0.542738     0.027891       114444 
   19.500  2769.000000     0.366636     0.018748       113996 
   19.600  2774.000000     0.329825     0.016241       112833 
   19.700  2884.000000     0.817160     0.039641       114035 
   19.800  3121.000000     0.081141     0.004090       112828 
   19.900  3145.000000     0.226248     0.011379       114299 
   20.000  2994.000000     0.062102     0.003187       114560 
   20.100  2926.000000    -0.071963    -0.003707       112133 
   20.200  3094.000000    -0.286169    -0.014194       110121 
   20.300  3144.000000     0.161160     0.008053       110740 
   20.400  2750.000000     0.063254     0.003165       111278 
   20.500  3038.000000     0.131110     0.006680       111778 
   20.600  3205.000000     0.168074     0.008536       111181 
   20.700  3009.000000     0.111645     0.005669       110988 
   20.800  3230.000000     0.182893     0.009102       110875 
   20.900  2977.000000     0.153287     0.007801       109801 
   21.000  3123.000000     0.139797     0.007139       111878 
   21.100  3330.000000    -0.000206    -0.000010       110067 
   21.200  3283.000000    -0.195156    -0.009571       110461 
   21.300  3364.000000    -0.030453    -0.001452       110097 
   21.400  3361.000000     0.173025     0.008437       111505 
   21.500  3308.000000     0.171516     0.008406       109129 
   21.600  3292.000000     0.209451     0.010400       108743 
   21.700  3162.000000     0.301739     0.014981       109682 
   21.800  3689.000000     0.443119     0.022108       108466 
   21.900  3401.000000     0.523031     0.025884       108430 
   22.000  3002.000000     0.266833     0.013015       108180 
   22.100  2947.000000     0.068023     0.003395       108247 
   22.200  3088.000000    -0.006626    -0.000331       107838 
   22.300  3129.000000     0.306150     0.015295       108605 
   22.400  3165.000000     0.168153     0.008523       109067 
   22.500  2715.000000     0.462523     0.023378       106988 
   22.600  2764.000000     0.140462     0.007023       106996 
   22.700  3215.000000    -0.125845    -0.006277       108572 
   22.800  3153.000000    -0.126769    -0.006385       107686 
   22.900  3254.000000     0.047731     0.002380       108621 
   23.000  3523.000000     0.311662     0.015622       107514 
   23.100  3478.000000     0.256622     0.012599       107109 
   23.200  3028.000000     0.469756     0.023057       106871 
   23.300  3137.000000     0.142968     0.007056       106745 
   23.400  2985.000000    -0.166241    -0.008091       108161 
   23.500  3398.000000    -0.113385    -0.005501       108470 
   23.600  3058.000000     0.379128     0.018268       108503 
   23.700  3300.000000     0.389629     0.019297       108247 
   23.800  3030.000000    -0.099423    -0.004934       106347 
   23.900  2842.000000     0.173330     0.008619       103810 
   24.000  3206.000000     0.212221     0.010279       102842 
   24.100  2839.000000     0.024792     0.001185       103464 
   24.200  2797.000000    -0.049873    -0.002422       104638 
   24.300  2936.000000     0.233830     0.011443       106948 
   24.400  3174.000000    -0.060623    -0.003075       107230 
   24.500  2845.000000     0.030699     0.001530       107266 
   24.600  2798.000000     0.366627     0.018376       105882 
   24.700  2902.000000     0.583917     0.029836       104826 
   24.800  2811.000000     0.135685     0.006836       104229 
   24.900  2687.000000     0.152827     0.007709       103228 
   25.000  2865.000000     0.115117     0.005711       105404 
   25.100  2253.000000     0.292629     0.014551       105059 
   25.200  2523.000000     0.482933     0.023721       106171 
   25.300  2859.000000     0.381586     0.018937       104058 
   25.400  2628.000000     0.035954     0.001791       104728 
   25.500  2702.000000    -0.072349    -0.003627       104740 
   25.600  2738.000000     0.296946     0.014972       103611 
   25.700  2826.000000    -0.053244    -0.002737       104039 
   25.800  2583.000000    -0.172677    -0.008727       104411 
   25.900  3006.000000     0.235944     0.011962       103453 
   26.000  2659.000000     0.526749     0.025639       106185 
   26.100  2750.000000     0.141210     0.006926       104642 
   26.200  2692.000000     0.066736     0.003212       105591 
   26.300  2706.000000     0.502070     0.024842       105410 
   26.400  2530.000000     0.181439     0.009138       103473 
   26.500  2519.000000     0.283003     0.014176       103787 
   26.600  3033.000000    -0.016088    -0.000789       104212 
   26.700  2501.000000     0.007361     0.000360       102628 
   26.800  2683.000000    -0.330584    -0.016287       104368 
   26.900  2562.000000    -0.200096    -0.009893       104819 
   27.000  2436.000000    -0.030120    -0.001478       101696 
   27.100  2754.000000    -0.207840    -0.010350       101580 
   27.200  2689.000000     0.099269     0.004936       102887 
   27.300  2931.000000     0.205977     0.010041       100599 
   27.400  2823.000000    -0.097370    -0.004820       101385 
   27.500  2849.000000     0.100281     0.005012        99868 
   27.600  2589.000000     0.069973     0.003575       101115 
   27.700  2645.000000     0.280017     0.013842       102803 
   27.800  2771.000000    -0.332856    -0.016453       102761 
   27.900  3101.000000    -0.052861    -0.002578       100543 
   28.000  2832.000000     0.152692     0.007609        98105 
   28.100  2769.000000    -0.187941    -0.009455        98032 
   28.200  3237.000000     0.031333     0.001603        98037 
   28.300  2868.000000    -0.092523    -0.004719        98258 
   28.400  3005.000000    -0.293123    -0.014732        97863 
   28.500  2989.000000    -0.051837    -0.002588        97235 
   28.600  2944.000000     0.196291     0.009723        98908 
   28.700  2555.000000    -0.036895    -0.001816        98296 
   28.800  2643.000000    -0.033477    -0.001651        99693 
   28.900  2540.000000     0.125482     0.006130       100632 
   29.000  2627.000000    -0.031901    -0.001563        99356 
   29.100  2843.000000    -0.242672    -0.011941        98792 
   29.200  2688.000000    -0.027336    -0.001357        99754 
   29.300  2617.000000    -0.129496    -0.006421       101219 
   29.400  2658.000000    -0.081167    -0.003940        99005 
   29.500  2708.000000    -0.333621    -0.016135        98683 
   29.600  2529.000000    -0.269640    -0.012860        99630 
   29.700  2521.000000    -0.351087    -0.017363       100237 
   29.800  2861.000000    -0.155822    -0.007549        97234 
   29.900  2626.000000    -0.511170    -0.026397        97754 
   30.000  3003.000000     0.200343     0.010097       100698 
   30.100  2625.000000     0.278106     0.013821        99320 
   30.200  2442.000000     0.186186     0.009160       100612 
   30.300  2755.000000    -0.451528    -0.022624        98872 
   30.400  2844.000000     0.004183     0.000208       100302 
   30.500  2571.000000     0.130753     0.006345       101796 
   30.600  2509.000000     0.181694     0.008989        98575 
   30.700  2529.000000     0.262489     0.013046        97884 
   30.800  2447.000000    -0.226084    -0.010667        97497 
   30.900  2715.000000    -0.194819    -0.009426        98715 
   31.000  2789.000000    -0.168612    -0.008403        97420 
   31.100  2391.000000     0.476680     0.024001        95724 
   31.200  2808.000000     0.458824     0.022478        97500 
   31.300  2379.000000     0.409911     0.020451        95772 
   31.400  2673.000000     0.367938     0.018637        97083 
   31.500  2460.000000     0.148862     0.007641        96802 
   31.600  2756.000000    -0.171052    -0.008506        96071 
   31.700  2918.000000    -0.211866    -0.010498        95499 
   31.800  2492.000000    -0.065848    -0.003228        95004 
   31.900  2618.000000     0.227833     0.011093        95061 
   32.000  2409.000000     0.173475     0.008540        96143 
   32.100  2357.000000     0.142003     0.007023        94506 
   32.200  2313.000000     0.371454     0.018221        96055 
   32.300  2328.000000     0.385423     0.019387        94286 
   32.400  2065.000000     0.213678     0.010503        94771 
   32.500  2086.000000    -0.116018    -0.005864        93761 
   32.600  1978.000000     0.264312     0.013361        94611 
   32.700  1840.000000     0.076699     0.003824        94589 
   32.800  2210.000000     0.031001     0.001510        94581 
   32.900  2030.000000     0.115688     0.005671        94457 
   33.000  2185.000000    -0.159526    -0.007921        94248 
   33.100  1944.000000     0.069045     0.003390        94460 
   33.200  2033.000000     0.447506     0.022210        94653 
   33.300  2041.000000    -0.072330    -0.003629        94392 
   33.400  2082.000000     0.036098     0.001809        94408 
   33.500  1972.000000    -0.182186    -0.009050        94144 
   33.600  1826.000000    -0.330061    -0.016563        95407 
   33.700  1621.000000    -0.280955    -0.013700        95589 
   33.800  1902.000000     0.345898     0.016778        96617 
   33.900  1931.000000    -0.054851    -0.002653        96915 
   34.000  1858.000000    -0.060653    -0.002914        94108 
   34.100  1787.000000    -0.198012    -0.009647        94303 
   34.200  2028.000000    -0.181061    -0.008993        93973 
   34.300  1959.000000     0.002872     0.000144        93403 
   34.400  2124.000000    -0.023306    -0.001130        94137 
   34.500  2179.000000     0.033444     0.001636        93273 
   34.600  1862.000000     0.519437     0.025322        92842 
   34.700  1925.000000     0.309351     0.015284        94266 
   34.800  1875.000000    -0.172469    -0.008641        94264 
   34.900  1855.000000    -0.022351    -0.001139        91695 
   35.000  1820.000000     0.122539     0.006296        91501 
   35.100  1954.000000    -0.074044    -0.003653        92241 
   35.200  1711.000000    -0.259886    -0.012813        92264 
   35.300  1918.000000    -0.201742    -0.010296        90797 
   35.400  1953.000000    -0.356562    -0.017757        90346 
   35.500  2144.000000     0.122051     0.006069        92378 
   35.600  2022.000000     0.331419     0.016486        93235 
   35.700  1941.000000    -0.084016    -0.004100        92544 
   35.800  1849.000000    -0.387488    -0.019268        91835 
   35.900  2009.000000    -0.296398    -0.015090        93497 
   36.000  2111.000000    -0.159488    -0.008005        93044 
   36.100  2130.000000    -0.031818    -0.001583        92603 
   36.200  1985.000000    -0.256304    -0.013086        90297 
   36.300  2020.000000    -0.305524    -0.015364        91046 
   36.400  2168.000000    -0.007998    -0.000395        91216 
   36.500  2181.000000     0.160398     0.008199        90661 
   36.600  1998.000000    -0.482756    -0.024425        88766 
   36.700  2063.000000    -0.161794    -0.007809        89444 
   36.800  1929.000000    -0.087181    -0.004288        90381 
   36.900  1932.000000     0.210277     0.010481        91191 
   37.000  2143.000000     0.171552     0.008414        92065 
   37.100  2045.000000     0.551511     0.027074        90614 
   37.200  2158.000000     0.184516     0.009084        92220 
   37.300  2236.000000    -0.116725    -0.005670        91839 
   37.400  2218.000000     0.270955     0.013082        91688 
   37.500  2129.000000     0.154127     0.007509        90926 
   37.600  2147.000000     0.255555     0.012897        90924 
   37.700  2256.000000    -0.084132    -0.004225        90569 
   37.800  2160.000000     0.140226     0.006957        91489 
   37.900  2377.000000     0.032085     0.001664        92247 
   38.000  2347.000000    -0.069279    -0.003471        91500 
   38.100  2203.000000    -0.297560    -0.014818        89102 
   38.200  2115.000000     0.121352     0.006246        90791 
   38.300  2032.000000    -0.000437    -0.000022        91977 
   38.400  1925.000000    -0.239998    -0.011818        89354 
   38.500  1851.000000     0.131231     0.006840        88473 
   38.600  1908.000000    -0.175326    -0.008883        87387 
   38.700  1788.000000     0.018237     0.000902        87664 
   38.800  1864.000000     0.323019     0.015529        89206 
   38.900  1764.000000     0.464511     0.022617        89175 
   39.000  1603.000000     0.231373     0.011230        88972 
   39.100  1658.000000     0.109023     0.005391        88069 
   39.200  1581.000000     0.032640     0.001645        88470 
   39.300  1825.000000     0.250601     0.012328        88857 
   39.400  1751.000000     0.435691     0.021594        87662 
   39.500  1719.000000     0.113984     0.005585        87823 
   39.600  1460.000000    -0.253980    -0.012961        88102 
   39.700  1713.000000     0.309397     0.015455        90640 
   39.800  1812.000000     0.119005     0.005865        88970 
   39.900  1835.000000    -0.132397    -0.006644        88764 
   40.000  1532.000000     0.029494     0.001458        88695 
