## Jackknife output: chrom 15
    0.100  4792.000000     4.795057     0.229387       111303 
    0.200  6110.000000     3.050019     0.151740       161115 
    0.300  6387.000000     2.383442     0.121520       166537 
    0.400  6353.000000     2.109104     0.103779       165175 
    0.500  6564.000000     1.985385     0.099254       165187 
    0.600  6721.000000     1.781403     0.089028       165471 
    0.700  6932.000000     1.592517     0.079878       161407 
    0.800  6707.000000     1.685263     0.083111       161560 
    0.900  6514.000000     1.437676     0.070243       163897 
    1.000  6642.000000     1.279175     0.062445       163175 
    1.100  6183.000000     1.233748     0.060802       161862 
    1.200  6289.000000     1.269288     0.061373       163135 
    1.300  6617.000000     1.284408     0.061547       161188 
    1.400  6744.000000     1.248142     0.061693       158751 
    1.500  6329.000000     1.355968     0.066829       156688 
    1.600  6147.000000     1.109909     0.056040       156142 
    1.700  5970.000000     0.968500     0.050072       156640 
    1.800  6089.000000     1.008097     0.050721       158109 
    1.900  5833.000000     0.821347     0.040758       157380 
    2.000  6295.000000     0.797388     0.039447       155396 
    2.100  6173.000000     0.778331     0.038252       157796 
    2.200  5602.000000     0.611215     0.029694       155971 
    2.300  5275.000000     0.818194     0.040653       156241 
    2.400  5610.000000     0.638403     0.032137       155951 
    2.500  5672.000000     0.685754     0.034486       151632 
    2.600  5444.000000     0.654840     0.033911       149724 
    2.700  5211.000000     0.737794     0.037837       151028 
    2.800  5291.000000     0.884509     0.044744       150219 
    2.900  5219.000000     0.771220     0.038577       148828 
    3.000  5262.000000     0.629553     0.030547       152383 
    3.100  5114.000000     0.577924     0.028307       150336 
    3.200  5755.000000     0.416682     0.020289       150317 
    3.300  6033.000000     0.535260     0.026717       150818 
    3.400  5868.000000     0.789010     0.040534       149275 
    3.500  5238.000000     0.796995     0.039656       149847 
    3.600  5065.000000     0.854735     0.042403       148605 
    3.700  4767.000000     0.628375     0.031331       148281 
    3.800  5242.000000     0.083729     0.004161       148626 
    3.900  5276.000000     0.448799     0.021690       145773 
    4.000  5135.000000     0.609561     0.030467       148258 
    4.100  5277.000000     0.586903     0.029168       146586 
    4.200  5123.000000     0.498450     0.024953       147801 
    4.300  5201.000000     0.564164     0.028530       146633 
    4.400  4808.000000     0.572672     0.028750       146118 
    4.500  5103.000000     0.420324     0.020883       144371 
    4.600  5336.000000     0.414675     0.020617       145808 
    4.700  5642.000000     0.636732     0.031439       144078 
    4.800  5795.000000     0.371714     0.018657       143457 
    4.900  5460.000000    -0.006918    -0.000343       144528 
    5.000  5171.000000     0.308812     0.015130       144074 
    5.100  4968.000000     0.411191     0.020968       144633 
    5.200  5288.000000     0.381000     0.019144       146944 
    5.300  5532.000000     0.464963     0.023330       145173 
    5.400  5519.000000     0.079312     0.003913       143136 
    5.500  5322.000000     0.428226     0.021797       144671 
    5.600  5751.000000     0.354407     0.018013       145033 
    5.700  5322.000000     0.572202     0.028825       142357 
    5.800  5753.000000     0.376539     0.018682       142073 
    5.900  5716.000000     0.201012     0.009946       139982 
    6.000  6202.000000     0.497119     0.024934       140809 
    6.100  5538.000000     0.580557     0.029039       140516 
    6.200  5807.000000     0.332108     0.016533       137138 
    6.300  5864.000000     0.396272     0.019683       136690 
    6.400  5441.000000     0.386458     0.018913       138562 
    6.500  5776.000000     0.100331     0.004924       137964 
    6.600  5703.000000    -0.309049    -0.015244       139178 
    6.700  5733.000000     0.158664     0.007677       139364 
    6.800  5913.000000     0.423340     0.020542       137666 
    6.900  5501.000000     0.344478     0.016980       138219 
    7.000  5709.000000     0.203217     0.010096       138213 
    7.100  5938.000000     0.368600     0.018573       137499 
    7.200  5890.000000     0.389873     0.019397       137029 
    7.300  5934.000000     0.439531     0.021869       137211 
    7.400  5360.000000     0.413212     0.020293       136569 
    7.500  5622.000000     0.335985     0.016364       136096 
    7.600  5272.000000     0.365019     0.018035       135197 
    7.700  4932.000000     0.395419     0.020236       134966 
    7.800  5470.000000     0.612087     0.030518       135456 
    7.900  5533.000000     0.429479     0.022128       137164 
    8.000  6136.000000     0.607073     0.031071       136747 
    8.100  5802.000000     0.174443     0.008640       135786 
    8.200  5846.000000     0.177931     0.008841       136326 
    8.300  5783.000000     0.493519     0.024604       134756 
    8.400  5315.000000     0.279758     0.013775       132292 
    8.500  4828.000000     0.040956     0.002091       133025 
    8.600  5374.000000     0.095071     0.004770       133108 
    8.700  5333.000000     0.145203     0.007114       132161 
    8.800  5597.000000     0.498150     0.025263       132078 
    8.900  5536.000000     0.176402     0.008906       131219 
    9.000  5341.000000     0.261892     0.013008       131666 
    9.100  5028.000000     0.320277     0.015854       132372 
    9.200  5577.000000     0.603983     0.029771       132255 
    9.300  5413.000000     0.138151     0.006840       134414 
    9.400  5260.000000     0.393719     0.019385       131499 
    9.500  5537.000000     0.101312     0.005153       131392 
    9.600  5334.000000     0.464106     0.023733       128767 
    9.700  4956.000000     0.391733     0.019340       129279 
    9.800  4681.000000     0.201432     0.009804       128389 
    9.900  4764.000000     0.277269     0.013389       127326 
   10.000  5088.000000     0.180850     0.009089       127494 
   10.100  5033.000000     0.426240     0.021797       129969 
   10.200  4757.000000     0.072183     0.003634       129714 
   10.300  4457.000000     0.249691     0.012540       129372 
   10.400  4507.000000     0.239828     0.012169       129518 
   10.500  4938.000000     0.157763     0.008114       127671 
   10.600  5140.000000     0.156988     0.007998       126289 
   10.700  4756.000000     0.563579     0.028041       127074 
   10.800  5084.000000     0.350068     0.017578       125043 
   10.900  4925.000000     0.348158     0.017423       126812 
   11.000  4567.000000     0.578537     0.029603       124053 
   11.100  4825.000000     0.292860     0.014590       126096 
   11.200  5274.000000    -0.054297    -0.002717       125139 
   11.300  5068.000000     0.148249     0.007339       126595 
   11.400  4715.000000     0.276303     0.014078       127188 
   11.500  4553.000000     0.220465     0.011029       123540 
   11.600  4546.000000     0.387190     0.019136       123715 
   11.700  4501.000000     0.055344     0.002736       123004 
   11.800  5031.000000     0.342779     0.016957       123347 
   11.900  5211.000000     0.376918     0.019150       121085 
   12.000  4914.000000     0.228334     0.011569       123449 
   12.100  4657.000000     0.033394     0.001720       125465 
   12.200  4999.000000     0.152837     0.007563       124266 
   12.300  4728.000000     0.577801     0.029138       123255 
   12.400  5002.000000     0.304328     0.014884       123181 
   12.500  5242.000000     0.301862     0.014805       121657 
   12.600  5489.000000     0.558454     0.027604       121349 
   12.700  5485.000000     0.133005     0.006706       119262 
   12.800  5678.000000    -0.187965    -0.009434       120132 
   12.900  5183.000000     0.516225     0.026233       119627 
   13.000  5356.000000     0.676367     0.034008       123120 
   13.100  5013.000000     0.457544     0.022420       122678 
   13.200  4855.000000     0.195408     0.009718       120313 
   13.300  4758.000000     0.056030     0.002780       118684 
   13.400  4594.000000    -0.092862    -0.004576       120540 
   13.500  4764.000000    -0.045265    -0.002277       120826 
   13.600  4890.000000     0.187678     0.009318       120123 
   13.700  5405.000000     0.542275     0.027144       121044 
   13.800  5227.000000     0.406041     0.020561       120601 
   13.900  4957.000000     0.421926     0.020633       119485 
   14.000  4783.000000     0.313904     0.015380       120002 
   14.100  5127.000000     0.497224     0.025072       119419 
   14.200  5097.000000     0.244171     0.012240       120525 
   14.300  5097.000000     0.253018     0.012879       121118 
   14.400  5003.000000     0.451993     0.022062       121138 
   14.500  5166.000000     0.353423     0.017911       122715 
   14.600  4899.000000     0.235727     0.012128       121453 
   14.700  4603.000000     0.079430     0.003999       120947 
   14.800  4634.000000     0.108494     0.005432       120276 
   14.900  4878.000000     0.245190     0.012354       119243 
   15.000  4691.000000     0.326100     0.016454       120001 
   15.100  5240.000000     0.397857     0.020310       119401 
   15.200  4894.000000     0.466853     0.023129       118506 
   15.300  4531.000000     0.592516     0.029213       116379 
   15.400  4444.000000     0.253253     0.012349       118318 
   15.500  4343.000000    -0.101186    -0.005015       118420 
   15.600  4479.000000     0.257667     0.013049       117741 
   15.700  4621.000000     0.399629     0.019995       118520 
   15.800  4691.000000     0.083101     0.004122       116840 
   15.900  4174.000000    -0.103982    -0.005060       117721 
   16.000  4655.000000    -0.036470    -0.001807       117172 
   16.100  4151.000000    -0.028290    -0.001403       116128 
   16.200  4397.000000     0.413243     0.020788       117402 
   16.300  4271.000000     0.078030     0.003859       117921 
   16.400  4375.000000     0.205150     0.010354       115368 
   16.500  4463.000000    -0.250938    -0.012397       115941 
   16.600  4196.000000    -0.023916    -0.001182       114937 
   16.700  3735.000000     0.203864     0.010086       116391 
   16.800  3956.000000     0.032452     0.001621       115376 
   16.900  4000.000000    -0.179909    -0.009225       115641 
   17.000  4190.000000     0.123708     0.006370       113861 
   17.100  4094.000000     0.168982     0.008739       115144 
   17.200  3896.000000     0.182443     0.009478       113598 
   17.300  4010.000000    -0.054613    -0.002831       112732 
   17.400  3963.000000    -0.166461    -0.008411       114226 
   17.500  4138.000000     0.202399     0.010547       115415 
   17.600  4156.000000     0.452487     0.024026       113596 
   17.700  3750.000000     0.030612     0.001575       111487 
   17.800  4143.000000     0.034656     0.001813       111220 
   17.900  4254.000000    -0.038929    -0.001954       111546 
   18.000  4581.000000     0.236989     0.011913       112469 
   18.100  4069.000000    -0.258166    -0.012787       111499 
   18.200  4504.000000    -0.230456    -0.011573       112699 
   18.300  4647.000000     0.209137     0.010399       110723 
   18.400  4374.000000     0.083434     0.004180       112771 
   18.500  4103.000000     0.355666     0.017434       113774 
   18.600  4104.000000     0.026067     0.001297       114913 
   18.700  4302.000000     0.068422     0.003396       111786 
   18.800  4704.000000     0.358277     0.017866       111229 
   18.900  4691.000000     0.386947     0.019284       113934 
   19.000  4854.000000     0.527632     0.026263       112911 
   19.100  4575.000000     0.317600     0.015397       113444 
   19.200  4402.000000     0.336831     0.016675       112052 
   19.300  4297.000000     0.609287     0.030198       111899 
   19.400  4636.000000     0.508738     0.026176       112681 
   19.500  3948.000000     0.317293     0.016261       112817 
   19.600  4178.000000     0.339466     0.016778       111429 
   19.700  4385.000000     0.836491     0.040612       112534 
   19.800  4572.000000     0.064935     0.003276       111377 
   19.900  4545.000000     0.215711     0.010839       112899 
   20.000  4588.000000     0.078587     0.004007       112966 
   20.100  4221.000000    -0.065957    -0.003371       110838 
   20.200  4399.000000    -0.338637    -0.016598       108816 
   20.300  4917.000000     0.132810     0.006655       108967 
   20.400  4455.000000     0.082419     0.004159       109573 
   20.500  4496.000000     0.137222     0.007103       110320 
   20.600  4298.000000     0.131141     0.006726       110088 
   20.700  4750.000000     0.131681     0.006718       109247 
   20.800  5015.000000     0.172749     0.008642       109090 
   20.900  4936.000000     0.073051     0.003769       107842 
   21.000  4764.000000     0.052859     0.002712       110237 
   21.100  4411.000000    -0.066052    -0.003229       108986 
   21.200  4317.000000    -0.157156    -0.007696       109427 
   21.300  4571.000000     0.038855     0.001851       108890 
   21.400  4820.000000     0.192823     0.009403       110046 
   21.500  4405.000000     0.108923     0.005332       108032 
   21.600  4797.000000     0.116323     0.005782       107238 
   21.700  4732.000000     0.147621     0.007344       108112 
   21.800  4700.000000     0.420178     0.020918       107455 
   21.900  4521.000000     0.547702     0.026998       107310 
   22.000  4467.000000     0.271395     0.013234       106715 
   22.100  4341.000000    -0.001828    -0.000092       106853 
   22.200  4686.000000    -0.018172    -0.000907       106240 
   22.300  4981.000000     0.226577     0.011279       106753 
   22.400  4423.000000     0.217589     0.010974       107809 
   22.500  4215.000000     0.422570     0.021243       105488 
   22.600  4008.000000     0.138756     0.006902       105752 
   22.700  3745.000000    -0.152289    -0.007552       108042 
   22.800  3707.000000    -0.129751    -0.006513       107132 
   22.900  3824.000000    -0.065653    -0.003252       108051 
   23.000  3785.000000     0.213680     0.010606       107252 
   23.100  3971.000000     0.168936     0.008269       106616 
   23.200  4085.000000     0.426800     0.020761       105814 
   23.300  3668.000000     0.062728     0.003082       106214 
   23.400  3863.000000    -0.257396    -0.012542       107283 
   23.500  3987.000000    -0.160470    -0.007807       107881 
   23.600  3848.000000     0.302436     0.014593       107713 
   23.700  4194.000000     0.328697     0.016275       107353 
   23.800  3893.000000    -0.088523    -0.004399       105484 
   23.900  3504.000000     0.093413     0.004655       103148 
   24.000  3513.000000     0.184293     0.008919       102535 
   24.100  3755.000000     0.017097     0.000814       102548 
   24.200  3797.000000    -0.131961    -0.006392       103638 
   24.300  3562.000000     0.254402     0.012415       106322 
   24.400  3525.000000    -0.024494    -0.001234       106879 
   24.500  3667.000000     0.037783     0.001872       106444 
   24.600  3653.000000     0.367190     0.018349       105027 
   24.700  3738.000000     0.589530     0.029986       103990 
   24.800  3641.000000     0.113997     0.005759       103399 
   24.900  3686.000000     0.171103     0.008621       102229 
   25.000  3985.000000     0.080675     0.004007       104284 
   25.100  4280.000000     0.282276     0.013986       103032 
   25.200  3719.000000     0.582196     0.028654       104975 
   25.300  3651.000000     0.324037     0.016017       103266 
   25.400  4018.000000     0.027527     0.001364       103338 
   25.500  3990.000000    -0.086406    -0.004316       103452 
   25.600  4167.000000     0.306014     0.015528       102182 
   25.700  3866.000000     0.054121     0.002784       102999 
   25.800  3471.000000    -0.205793    -0.010366       103523 
   25.900  3436.000000     0.172653     0.008759       103023 
   26.000  3577.000000     0.548363     0.026777       105267 
   26.100  3821.000000     0.115109     0.005659       103571 
   26.200  4035.000000     0.045335     0.002182       104248 
   26.300  3922.000000     0.444649     0.021892       104194 
   26.400  4223.000000     0.207947     0.010499       101780 
   26.500  3794.000000     0.224652     0.011224       102512 
   26.600  3824.000000     0.065260     0.003168       103421 
   26.700  3828.000000     0.082966     0.004042       101301 
   26.800  4129.000000    -0.228566    -0.011203       102922 
   26.900  4422.000000    -0.130396    -0.006409       102959 
   27.000  4377.000000     0.097598     0.004778        99755 
   27.100  4161.000000    -0.190958    -0.009483       100173 
   27.200  3845.000000     0.138243     0.006876       101731 
   27.300  3617.000000     0.299190     0.014607        99913 
   27.400  3568.000000    -0.102070    -0.005069       100640 
   27.500  3748.000000     0.084308     0.004208        98969 
   27.600  3971.000000     0.074344     0.003796        99733 
   27.700  4032.000000     0.275559     0.013630       101416 
   27.800  4223.000000    -0.277594    -0.013723       101309 
   27.900  3958.000000    -0.059716    -0.002928        99686 
   28.000  3641.000000     0.157560     0.007802        97296 
   28.100  3888.000000    -0.136469    -0.006876        96913 
   28.200  3811.000000    -0.023540    -0.001200        97463 
   28.300  3814.000000    -0.012169    -0.000622        97312 
   28.400  3824.000000    -0.216251    -0.010829        97044 
   28.500  3616.000000    -0.096590    -0.004834        96608 
   28.600  3602.000000     0.201636     0.009984        98250 
   28.700  3752.000000    -0.107686    -0.005281        97099 
   28.800  3764.000000    -0.046893    -0.002304        98572 
   28.900  3849.000000     0.172959     0.008417        99323 
   29.000  3635.000000    -0.050176    -0.002453        98348 
   29.100  3458.000000    -0.195973    -0.009649        98177 
   29.200  3450.000000    -0.045277    -0.002242        98992 
   29.300  3533.000000    -0.194258    -0.009644       100303 
   29.400  3931.000000    -0.075414    -0.003632        97732 
   29.500  3623.000000    -0.331493    -0.015966        97768 
   29.600  3811.000000    -0.282006    -0.013391        98348 
   29.700  3621.000000    -0.348139    -0.017075        99137 
   29.800  3627.000000    -0.196304    -0.009485        96468 
   29.900  3827.000000    -0.489572    -0.025319        96553 
   30.000  3556.000000     0.165763     0.008298       100145 
   30.100  3744.000000     0.291144     0.014446        98201 
   30.200  3966.000000     0.190004     0.009262        99088 
   30.300  3857.000000    -0.513122    -0.025587        97770 
   30.400  4073.000000    -0.077151    -0.003840        99073 
   30.500  4141.000000     0.042817     0.002057       100226 
   30.600  3400.000000     0.156391     0.007703        97684 
   30.700  3417.000000     0.248422     0.012324        96996 
   30.800  3633.000000    -0.284888    -0.013356        96311 
   30.900  3885.000000    -0.276718    -0.013365        97545 
   31.000  3923.000000    -0.235351    -0.011688        96286 
   31.100  3687.000000     0.502133     0.025111        94428 
   31.200  3562.000000     0.508347     0.024926        96746 
   31.300  3494.000000     0.394398     0.019636        94657 
   31.400  3673.000000     0.335174     0.016920        96083 
   31.500  3875.000000     0.073220     0.003748        95387 
   31.600  3769.000000    -0.225521    -0.011157        95058 
   31.700  4048.000000    -0.092507    -0.004547        94369 
   31.800  3876.000000    -0.068560    -0.003372        93620 
   31.900  4221.000000     0.176740     0.008589        93458 
   32.000  3748.000000     0.224589     0.011053        94804 
   32.100  3434.000000     0.072698     0.003578        93429 
   32.200  3825.000000     0.309140     0.015137        94543 
   32.300  3729.000000     0.379373     0.018956        92885 
   32.400  3948.000000     0.203763     0.010011        92888 
   32.500  3478.000000    -0.089280    -0.004526        92369 
   32.600  3619.000000     0.312655     0.015835        92970 
   32.700  3505.000000     0.048816     0.002433        92924 
   32.800  3646.000000     0.094475     0.004623        93145 
   32.900  3909.000000     0.173214     0.008507        92578 
   33.000  3737.000000    -0.041864    -0.002068        92696 
   33.100  3574.000000     0.150938     0.007445        92830 
   33.200  3679.000000     0.433699     0.021508        93007 
   33.300  3506.000000    -0.157935    -0.007906        92927 
   33.400  3436.000000     0.051775     0.002610        93054 
   33.500  3625.000000    -0.144625    -0.007192        92491 
   33.600  3721.000000    -0.292344    -0.014629        93512 
   33.700  3889.000000    -0.285530    -0.013809        93321 
   33.800  3527.000000     0.378632     0.018269        94992 
   33.900  3484.000000    -0.042633    -0.002057        95362 
   34.000  3235.000000    -0.009866    -0.000472        92731 
   34.100  3498.000000    -0.196271    -0.009569        92592 
   34.200  3765.000000    -0.140662    -0.007003        92236 
   34.300  3429.000000    -0.036110    -0.001805        91933 
   34.400  3657.000000    -0.035834    -0.001732        92604 
   34.500  3639.000000     0.096362     0.004721        91813 
   34.600  3356.000000     0.489888     0.023919        91348 
   34.700  3328.000000     0.334973     0.016468        92863 
   34.800  3213.000000    -0.162241    -0.008104        92926 
   34.900  3195.000000    -0.062715    -0.003181        90355 
   35.000  3487.000000     0.100063     0.005121        89834 
   35.100  3684.000000    -0.105215    -0.005163        90511 
   35.200  3193.000000    -0.236765    -0.011640        90782 
   35.300  3135.000000    -0.199426    -0.010120        89580 
   35.400  2982.000000    -0.353393    -0.017540        89317 
   35.500  2697.000000     0.079653     0.003944        91825 
   35.600  3184.000000     0.276917     0.013715        92073 
   35.700  3074.000000    -0.135736    -0.006631        91411 
   35.800  3144.000000    -0.336467    -0.016776        90540 
   35.900  3465.000000    -0.308581    -0.015693        92041 
   36.000  3422.000000    -0.192884    -0.009650        91733 
   36.100  3208.000000    -0.082599    -0.004102        91525 
   36.200  3120.000000    -0.221676    -0.011278        89162 
   36.300  3154.000000    -0.313991    -0.015754        89912 
   36.400  3330.000000     0.006309     0.000310        90054 
   36.500  2938.000000     0.166815     0.008510        89904 
   36.600  2946.000000    -0.456548    -0.023067        87818 
   36.700  3020.000000    -0.064268    -0.003083        88487 
   36.800  2768.000000    -0.073951    -0.003624        89542 
   36.900  2959.000000     0.207507     0.010265        90164 
   37.000  2844.000000     0.150188     0.007339        91364 
   37.100  2900.000000     0.551166     0.027109        89759 
   37.200  2994.000000     0.206477     0.010076        91384 
   37.300  3059.000000    -0.156451    -0.007582        91016 
   37.400  2807.000000     0.360083     0.017351        91099 
   37.500  2891.000000     0.153615     0.007484        90164 
   37.600  3152.000000     0.212151     0.010650        89919 
   37.700  2901.000000    -0.153291    -0.007709        89924 
   37.800  3164.000000     0.091976     0.004544        90485 
   37.900  3449.000000     0.014994     0.000777        91175 
   38.000  2782.000000     0.042776     0.002155        91065 
   38.100  2663.000000    -0.106640    -0.005308        88642 
   38.200  2992.000000     0.195790     0.010121        89914 
   38.300  3340.000000     0.068845     0.003524        90669 
   38.400  2896.000000    -0.226500    -0.011148        88383 
   38.500  2746.000000     0.144690     0.007533        87578 
   38.600  2605.000000    -0.104001    -0.005257        86690 
   38.700  2833.000000     0.064991     0.003220        86619 
   38.800  2812.000000     0.268157     0.012919        88258 
   38.900  2724.000000     0.494039     0.024042        88215 
   39.000  2872.000000     0.188824     0.009150        87703 
   39.100  3108.000000     0.040707     0.002014        86619 
   39.200  3092.000000     0.011937     0.000601        86959 
   39.300  3000.000000     0.273752     0.013546        87682 
   39.400  3236.000000     0.435433     0.021558        86177 
   39.500  3055.000000     0.127210     0.006217        86487 
   39.600  3371.000000    -0.259526    -0.013245        86191 
   39.700  3274.000000     0.260138     0.012998        89079 
   39.800  3084.000000     0.043275     0.002127        87698 
   39.900  3221.000000    -0.065022    -0.003258        87378 
   40.000  2929.000000     0.076885     0.003790        87298 
