## Jackknife output: chrom 7
    0.100  5488.000000     4.712481     0.225387       110607 
    0.200  8063.000000     3.023386     0.151143       159162 
    0.300  8827.000000     2.333833     0.118990       164097 
    0.400  8216.000000     2.084811     0.102612       163312 
    0.500  8264.000000     2.047295     0.102455       163487 
    0.600  8577.000000     1.807304     0.090523       163615 
    0.700  8993.000000     1.657290     0.082826       159346 
    0.800  8229.000000     1.785512     0.088031       160038 
    0.900  8147.000000     1.465510     0.072195       162264 
    1.000  8183.000000     1.325776     0.064954       161634 
    1.100  8230.000000     1.273628     0.063029       159815 
    1.200  8362.000000     1.240454     0.060315       161062 
    1.300  7834.000000     1.362399     0.065817       159971 
    1.400  8043.000000     1.329825     0.065814       157452 
    1.500  8328.000000     1.355399     0.067308       154689 
    1.600  8681.000000     1.119425     0.056761       153608 
    1.700  8282.000000     0.957322     0.049665       154328 
    1.800  8457.000000     0.957313     0.048175       155741 
    1.900  8320.000000     0.789719     0.039078       154893 
    2.000  7876.000000     0.857036     0.042493       153815 
    2.100  8418.000000     0.794821     0.039018       155551 
    2.200  8523.000000     0.633226     0.030738       153050 
    2.300  8124.000000     0.886756     0.044360       153392 
    2.400  8125.000000     0.704507     0.035472       153436 
    2.500  8330.000000     0.731955     0.036822       148974 
    2.600  8385.000000     0.661059     0.034216       146783 
    2.700  8674.000000     0.682365     0.035327       147565 
    2.800  8121.000000     0.801187     0.040523       147389 
    2.900  7941.000000     0.759208     0.038217       146106 
    3.000  8472.000000     0.542950     0.026625       149173 
    3.100  8119.000000     0.533847     0.026289       147331 
    3.200  8246.000000     0.411360     0.020079       147826 
    3.300  8113.000000     0.613406     0.030752       148738 
    3.400  8281.000000     0.836084     0.043132       146862 
    3.500  8414.000000     0.819057     0.041074       146671 
    3.600  7752.000000     0.819338     0.040821       145918 
    3.700  8322.000000     0.588962     0.029364       144726 
    3.800  8058.000000     0.140460     0.006972       145810 
    3.900  7652.000000     0.564231     0.027447       143397 
    4.000  7945.000000     0.647402     0.032429       145448 
    4.100  7692.000000     0.645777     0.032273       144171 
    4.200  7736.000000     0.585922     0.029503       145188 
    4.300  7593.000000     0.524486     0.026816       144241 
    4.400  7351.000000     0.574349     0.029054       143575 
    4.500  7916.000000     0.438901     0.021984       141558 
    4.600  7918.000000     0.410556     0.020618       143226 
    4.700  7438.000000     0.623174     0.030960       142282 
    4.800  7762.000000     0.364942     0.018428       141490 
    4.900  7760.000000     0.033845     0.001689       142228 
    5.000  7485.000000     0.358437     0.017836       141760 
    5.100  7635.000000     0.445596     0.022879       141966 
    5.200  7719.000000     0.460251     0.023298       144513 
    5.300  7966.000000     0.460884     0.023247       142739 
    5.400  7790.000000     0.156558     0.007702       140865 
    5.500  7616.000000     0.475963     0.024103       142377 
    5.600  7757.000000     0.470862     0.023898       143027 
    5.700  7628.000000     0.645895     0.032545       140051 
    5.800  8202.000000     0.494864     0.024537       139624 
    5.900  7485.000000     0.248407     0.012372       138213 
    6.000  7563.000000     0.523941     0.026430       139448 
    6.100  7894.000000     0.635999     0.031906       138160 
    6.200  7427.000000     0.387481     0.019410       135518 
    6.300  6874.000000     0.443993     0.022303       135680 
    6.400  7603.000000     0.512536     0.025200       136400 
    6.500  7192.000000     0.078161     0.003867       136548 
    6.600  7386.000000    -0.277370    -0.013767       137495 
    6.700  7523.000000     0.135120     0.006584       137574 
    6.800  7008.000000     0.391312     0.019141       136571 
    6.900  7187.000000     0.339603     0.016829       136533 
    7.000  7264.000000     0.275854     0.013741       136658 
    7.100  7480.000000     0.354387     0.017960       135957 
    7.200  7224.000000     0.452895     0.022846       135695 
    7.300  6916.000000     0.488452     0.024477       136229 
    7.400  6888.000000     0.469974     0.023232       135041 
    7.500  6984.000000     0.366761     0.018015       134734 
    7.600  7149.000000     0.340729     0.016868       133320 
    7.700  7253.000000     0.416990     0.021407       132645 
    7.800  7445.000000     0.613553     0.030968       133481 
    7.900  7103.000000     0.424855     0.022083       135594 
    8.000  7005.000000     0.669784     0.034497       135878 
    8.100  7211.000000     0.269524     0.013321       134377 
    8.200  7524.000000     0.235427     0.011725       134648 
    8.300  7579.000000     0.480274     0.023786       132960 
    8.400  7482.000000     0.356625     0.017557       130125 
    8.500  7465.000000     0.149649     0.007587       130388 
    8.600  7207.000000     0.157185     0.007851       131275 
    8.700  7167.000000     0.162439     0.007946       130327 
    8.800  7278.000000     0.558571     0.028476       130397 
    8.900  6909.000000     0.281168     0.014240       129846 
    9.000  6935.000000     0.329511     0.016495       130072 
    9.100  7136.000000     0.348342     0.017278       130264 
    9.200  7485.000000     0.530952     0.026131       130347 
    9.300  7651.000000     0.125703     0.006247       132176 
    9.400  7243.000000     0.322063     0.016037       129516 
    9.500  7291.000000     0.092551     0.004730       129638 
    9.600  7464.000000     0.422266     0.021637       126637 
    9.700  6915.000000     0.283283     0.014042       127320 
    9.800  6984.000000     0.167093     0.008159       126086 
    9.900  6721.000000     0.247934     0.012012       125369 
   10.000  6447.000000     0.173865     0.008828       126135 
   10.100  6586.000000     0.457328     0.023451       128416 
   10.200  7015.000000     0.062086     0.003133       127456 
   10.300  6986.000000     0.211156     0.010657       126843 
   10.400  7072.000000     0.179011     0.009167       126953 
   10.500  7186.000000     0.166526     0.008684       125423 
   10.600  7355.000000     0.161391     0.008303       124074 
   10.700  7099.000000     0.546147     0.027357       124731 
   10.800  6878.000000     0.321665     0.016274       123249 
   10.900  7084.000000     0.332156     0.016691       124653 
   11.000  6740.000000     0.557100     0.028676       121880 
   11.100  6793.000000     0.361732     0.018003       124128 
   11.200  6771.000000     0.053482     0.002667       123642 
   11.300  7028.000000     0.142439     0.007051       124635 
   11.400  6832.000000     0.417542     0.021279       125071 
   11.500  7256.000000     0.303319     0.015163       120837 
   11.600  7014.000000     0.359563     0.017839       121247 
   11.700  6388.000000     0.106597     0.005289       121117 
   11.800  6937.000000     0.443898     0.022055       121441 
   11.900  6857.000000     0.418587     0.021386       119439 
   12.000  7373.000000     0.292066     0.014893       120990 
   12.100  7574.000000     0.078768     0.004089       122548 
   12.200  7509.000000    -0.046978    -0.002362       121756 
   12.300  6936.000000     0.512818     0.026054       121047 
   12.400  7176.000000     0.198612     0.009709       121007 
   12.500  7119.000000     0.216484     0.010711       119780 
   12.600  7216.000000     0.559454     0.027842       119622 
   12.700  7071.000000     0.167906     0.008502       117676 
   12.800  7075.000000    -0.060033    -0.003027       118735 
   12.900  7096.000000     0.469851     0.024008       117714 
   13.000  7352.000000     0.737754     0.037298       121124 
   13.100  6768.000000     0.460646     0.022748       120923 
   13.200  6831.000000     0.261501     0.013049       118337 
   13.300  7204.000000     0.089321     0.004437       116238 
   13.400  6607.000000    -0.104705    -0.005165       118527 
   13.500  7156.000000    -0.068003    -0.003449       118434 
   13.600  7350.000000     0.195739     0.009754       117663 
   13.700  7239.000000     0.496236     0.024794       119210 
   13.800  7252.000000     0.468342     0.023555       118576 
   13.900  7492.000000     0.412916     0.020117       116950 
   14.000  7209.000000     0.367916     0.018168       117576 
   14.100  7019.000000     0.549999     0.027903       117527 
   14.200  6953.000000     0.307612     0.015501       118669 
   14.300  7061.000000     0.279054     0.014220       119154 
   14.400  7164.000000     0.511556     0.025038       118977 
   14.500  7203.000000     0.376413     0.019021       120678 
   14.600  7067.000000     0.196318     0.010087       119285 
   14.700  6990.000000     0.027358     0.001387       118560 
   14.800  6981.000000     0.159051     0.008034       117929 
   14.900  7230.000000     0.350538     0.017829       116891 
   15.000  6950.000000     0.267272     0.013563       117742 
   15.100  7398.000000     0.398169     0.020370       117243 
   15.200  6663.000000     0.449298     0.022459       116737 
   15.300  7052.000000     0.584223     0.029175       113858 
   15.400  7128.000000     0.235737     0.011614       115634 
   15.500  6636.000000    -0.074824    -0.003730       116127 
   15.600  6678.000000     0.291886     0.014888       115542 
   15.700  6792.000000     0.364840     0.018257       116349 
   15.800  6455.000000     0.063350     0.003159       115076 
   15.900  6662.000000    -0.069336    -0.003404       115233 
   16.000  7009.000000    -0.000995    -0.000049       114818 
   16.100  6441.000000    -0.042720    -0.002128       113838 
   16.200  6804.000000     0.337901     0.017120       114995 
   16.300  7434.000000     0.134277     0.006691       114758 
   16.400  7145.000000     0.229914     0.011675       112598 
   16.500  7550.000000    -0.154508    -0.007683       112854 
   16.600  7312.000000    -0.063012    -0.003135       111821 
   16.700  7140.000000     0.297921     0.014803       112986 
   16.800  7104.000000     0.004105     0.000207       112228 
   16.900  7378.000000    -0.167149    -0.008615       112263 
   17.000  7045.000000     0.112953     0.005848       111006 
   17.100  6965.000000     0.178155     0.009245       112273 
   17.200  7135.000000     0.138023     0.007193       110359 
   17.300  6907.000000     0.014496     0.000756       109835 
   17.400  6929.000000    -0.130001    -0.006605       111260 
   17.500  7018.000000     0.133347     0.006990       112535 
   17.600  6939.000000     0.422935     0.022630       110813 
   17.700  6526.000000    -0.023105    -0.001198       108711 
   17.800  6763.000000     0.039404     0.002077       108600 
   17.900  6876.000000    -0.130743    -0.006587       108924 
   18.000  6887.000000     0.241777     0.012270       110163 
   18.100  6629.000000    -0.179174    -0.008905       108939 
   18.200  6413.000000    -0.222279    -0.011194       110790 
   18.300  6594.000000     0.188232     0.009391       108776 
   18.400  6624.000000     0.126342     0.006363       110521 
   18.500  6907.000000     0.448484     0.022312       110970 
   18.600  6862.000000     0.043029     0.002168       112155 
   18.700  6698.000000     0.060578     0.003039       109390 
   18.800  6575.000000     0.433445     0.021829       109358 
   18.900  6968.000000     0.276422     0.013812       111657 
   19.000  6488.000000     0.550667     0.027640       111277 
   19.100  6516.000000     0.325458     0.015864       111503 
   19.200  6878.000000     0.340574     0.017013       109576 
   19.300  6415.000000     0.532553     0.026447       109781 
   19.400  6356.000000     0.420184     0.021642       110961 
   19.500  6349.000000     0.395322     0.020240       110416 
   19.600  6489.000000     0.439270     0.021685       109118 
   19.700  7213.000000     0.920498     0.044796       109706 
   19.800  7168.000000     0.079248     0.004011       108781 
   19.900  7044.000000     0.192447     0.009664       110400 
   20.000  6827.000000    -0.074215    -0.003794       110727 
   20.100  6886.000000    -0.098811    -0.005074       108173 
   20.200  6438.000000    -0.313780    -0.015556       106777 
   20.300  6636.000000     0.088009     0.004429       107248 
   20.400  6715.000000     0.042782     0.002160       107313 
   20.500  6680.000000     0.202428     0.010477       108136 
   20.600  6947.000000     0.292304     0.015001       107439 
   20.700  6861.000000     0.221794     0.011266       107136 
   20.800  6890.000000     0.239540     0.012008       107215 
   20.900  6540.000000     0.226925     0.011684       106238 
   21.000  6829.000000     0.115748     0.005955       108172 
   21.100  6630.000000    -0.052175    -0.002570       106767 
   21.200  7038.000000    -0.156214    -0.007673       106706 
   21.300  6465.000000     0.079703     0.003804       106996 
   21.400  6836.000000     0.140031     0.006852       108030 
   21.500  6966.000000     0.174380     0.008529       105471 
   21.600  6538.000000     0.165599     0.008272       105497 
   21.700  7030.000000     0.245450     0.012225       105814 
   21.800  6328.000000     0.440222     0.022000       105827 
   21.900  6066.000000     0.525152     0.025993       105765 
   22.000  6496.000000     0.273577     0.013385       104686 
   22.100  6448.000000     0.013338     0.000666       104746 
   22.200  6229.000000    -0.006267    -0.000315       104697 
   22.300  6390.000000     0.248653     0.012428       105344 
   22.400  6425.000000     0.237453     0.012037       105807 
   22.500  5961.000000     0.420004     0.021179       103742 
   22.600  6494.000000     0.161965     0.008080       103266 
   22.700  6671.000000    -0.077493    -0.003857       105116 
   22.800  6362.000000    -0.137632    -0.006934       104477 
   22.900  6502.000000     0.037064     0.001854       105373 
   23.000  6092.000000     0.326623     0.016386       104945 
   23.100  6291.000000     0.283540     0.014070       104296 
   23.200  6377.000000     0.478628     0.023527       103522 
   23.300  6259.000000     0.201858     0.010004       103623 
   23.400  6482.000000    -0.155753    -0.007600       104664 
   23.500  6508.000000    -0.073107    -0.003586       105360 
   23.600  6773.000000     0.396332     0.019041       104788 
   23.700  6582.000000     0.425956     0.021324       104965 
   23.800  6427.000000    -0.048154    -0.002402       102950 
   23.900  6089.000000     0.166608     0.008378       100563 
   24.000  6255.000000     0.201275     0.009745        99793 
   24.100  6299.000000     0.030042     0.001429       100004 
   24.200  6324.000000    -0.017935    -0.000872       101111 
   24.300  6611.000000     0.252909     0.012438       103273 
   24.400  6763.000000    -0.033754    -0.001709       103641 
   24.500  6490.000000     0.051248     0.002557       103621 
   24.600  6255.000000     0.353346     0.017684       102425 
   24.700  6621.000000     0.562812     0.028759       101107 
   24.800  6363.000000     0.153830     0.007807       100677 
   24.900  6042.000000     0.106210     0.005382        99873 
   25.000  6445.000000     0.083188     0.004156       101824 
   25.100  6336.000000     0.388081     0.019340       100976 
   25.200  6585.000000     0.565092     0.027853       102109 
   25.300  6546.000000     0.373124     0.018528       100371 
   25.400  6337.000000     0.069880     0.003484       101019 
   25.500  5968.000000    -0.063541    -0.003206       101474 
   25.600  6283.000000     0.307582     0.015613       100066 
   25.700  6057.000000     0.066290     0.003424       100808 
   25.800  6213.000000    -0.220109    -0.011151       100781 
   25.900  6167.000000     0.305052     0.015478       100292 
   26.000  6694.000000     0.581980     0.028272       102150 
   26.100  6303.000000     0.172080     0.008491       101089 
   26.200  6519.000000     0.125023     0.006047       101764 
   26.300  6460.000000     0.555163     0.027463       101656 
   26.400  6111.000000     0.192869     0.009687        99892 
   26.500  6324.000000     0.358499     0.017971        99982 
   26.600  6661.000000     0.039635     0.001942       100584 
   26.700  6574.000000     0.032131     0.001564        98555 
   26.800  6728.000000    -0.272241    -0.013443       100323 
   26.900  6106.000000    -0.181707    -0.009026       101275 
   27.000  6031.000000    -0.001642    -0.000081        98101 
   27.100  6291.000000    -0.225093    -0.011292        98043 
   27.200  6397.000000     0.074445     0.003732        99179 
   27.300  5723.000000     0.169216     0.008304        97807 
   27.400  5952.000000    -0.043848    -0.002191        98256 
   27.500  5795.000000     0.147678     0.007404        96922 
   27.600  5834.000000     0.071309     0.003652        97870 
   27.700  6043.000000     0.337706     0.016707        99405 
   27.800  5993.000000    -0.275411    -0.013687        99539 
   27.900  6192.000000    -0.086922    -0.004285        97452 
   28.000  5994.000000     0.117601     0.005880        94943 
   28.100  6125.000000    -0.120826    -0.006100        94676 
   28.200  6040.000000     0.054482     0.002804        95234 
   28.300  6065.000000     0.002960     0.000153        95061 
   28.400  5887.000000    -0.099492    -0.005017        94981 
   28.500  5797.000000    -0.062890    -0.003176        94427 
   28.600  6202.000000     0.286572     0.014269        95650 
   28.700  5911.000000    -0.025787    -0.001271        94940 
   28.800  5736.000000    -0.010303    -0.000508        96600 
   28.900  6010.000000     0.113301     0.005539        97162 
   29.000  5979.000000    -0.021840    -0.001072        96004 
   29.100  5956.000000    -0.184632    -0.009075        95679 
   29.200  6120.000000     0.004760     0.000237        96322 
   29.300  6324.000000    -0.122236    -0.006092        97512 
   29.400  5890.000000    -0.059482    -0.002862        95773 
   29.500  5742.000000    -0.318569    -0.015496        95649 
   29.600  5668.000000    -0.302070    -0.014404        96491 
   29.700  5999.000000    -0.323177    -0.015989        96759 
   29.800  5480.000000    -0.136017    -0.006633        94615 
   29.900  5810.000000    -0.500684    -0.025842        94570 
   30.000  5926.000000     0.119102     0.005977        97775 
   30.100  5860.000000     0.231407     0.011599        96085 
   30.200  5928.000000     0.245465     0.012108        97126 
   30.300  5701.000000    -0.491656    -0.024894        95926 
   30.400  5699.000000    -0.089028    -0.004441        97447 
   30.500  5544.000000     0.042242     0.002046        98823 
   30.600  5411.000000     0.222038     0.010964        95673 
   30.700  5518.000000     0.285726     0.014163        94895 
   30.800  5807.000000    -0.212791    -0.009999        94137 
   30.900  5397.000000    -0.093500    -0.004530        96033 
   31.000  5486.000000    -0.083993    -0.004180        94723 
   31.100  5307.000000     0.605505     0.030444        92808 
   31.200  5380.000000     0.454544     0.022314        94928 
   31.300  5727.000000     0.382400     0.019038        92424 
   31.400  5488.000000     0.417631     0.021130        94268 
   31.500  5707.000000     0.224816     0.011569        93555 
   31.600  5527.000000    -0.222642    -0.011027        93300 
   31.700  5501.000000    -0.135132    -0.006712        92916 
   31.800  5706.000000     0.011904     0.000586        91790 
   31.900  5928.000000     0.192983     0.009441        91751 
   32.000  5727.000000     0.224081     0.011099        92825 
   32.100  5348.000000     0.147367     0.007317        91515 
   32.200  5479.000000     0.388579     0.019006        92889 
   32.300  5011.000000     0.392093     0.019630        91603 
   32.400  5251.000000     0.246221     0.012144        91585 
   32.500  5900.000000    -0.147077    -0.007466        89947 
   32.600  5527.000000     0.258350     0.013176        91062 
   32.700  5193.000000     0.063712     0.003198        91236 
   32.800  5226.000000     0.051823     0.002541        91565 
   32.900  5587.000000     0.099003     0.004878        90900 
   33.000  5209.000000    -0.113194    -0.005631        91224 
   33.100  5524.000000     0.140588     0.006967        90880 
   33.200  5400.000000     0.321627     0.016134        91286 
   33.300  5250.000000    -0.143395    -0.007240        91183 
   33.400  5522.000000     0.076938     0.003908        90968 
   33.500  5255.000000    -0.176556    -0.008839        90861 
   33.600  5454.000000    -0.334284    -0.016822        91779 
   33.700  5383.000000    -0.340458    -0.016691        91827 
   33.800  5686.000000     0.303162     0.014695        92833 
   33.900  5886.000000    -0.129767    -0.006253        92960 
   34.000  5434.000000    -0.040676    -0.001969        90532 
   34.100  5287.000000    -0.139623    -0.006836        90803 
   34.200  5853.000000    -0.194609    -0.009690        90148 
   34.300  5803.000000    -0.090608    -0.004546        89559 
   34.400  5695.000000     0.107130     0.005192        90566 
   34.500  5610.000000     0.046696     0.002299        89842 
   34.600  5571.000000     0.527542     0.025914        89133 
   34.700  5552.000000     0.364476     0.018102        90639 
   34.800  5614.000000    -0.059548    -0.002977        90525 
   34.900  5842.000000     0.005214     0.000267        87708 
   35.000  5427.000000     0.176094     0.009081        87894 
   35.100  5473.000000    -0.111524    -0.005506        88722 
   35.200  5609.000000    -0.218639    -0.010821        88366 
   35.300  5408.000000    -0.097857    -0.005046        87307 
   35.400  5347.000000    -0.358916    -0.018020        86952 
   35.500  5291.000000     0.132019     0.006581        89231 
   35.600  5149.000000     0.348306     0.017369        90108 
   35.700  5166.000000    -0.125231    -0.006184        89319 
   35.800  5350.000000    -0.313662    -0.015698        88334 
   35.900  5312.000000    -0.327710    -0.016824        90194 
   36.000  5311.000000    -0.160062    -0.008070        89844 
   36.100  5345.000000     0.025266     0.001266        89388 
   36.200  5471.000000    -0.155552    -0.008008        86811 
   36.300  5448.000000    -0.288432    -0.014550        87618 
   36.400  5253.000000     0.089640     0.004429        88131 
   36.500  5322.000000     0.181629     0.009311        87520 
   36.600  5178.000000    -0.498523    -0.025214        85586 
   36.700  5353.000000    -0.164296    -0.007968        86154 
   36.800  5309.000000    -0.100666    -0.004986        87001 
   36.900  5258.000000     0.185436     0.009243        87865 
   37.000  5186.000000     0.171505     0.008443        89022 
   37.100  4908.000000     0.565315     0.027845        87751 
   37.200  4993.000000     0.155698     0.007655        89385 
   37.300  5578.000000    -0.109863    -0.005379        88497 
   37.400  5427.000000     0.363973     0.017693        88479 
   37.500  5309.000000     0.172283     0.008449        87746 
   37.600  5040.000000     0.303887     0.015336        88031 
   37.700  5244.000000    -0.051565    -0.002611        87581 
   37.800  5204.000000     0.107297     0.005345        88445 
   37.900  5587.000000    -0.042781    -0.002229        89037 
   38.000  5342.000000    -0.024954    -0.001265        88505 
   38.100  5496.000000    -0.148493    -0.007426        85809 
   38.200  5637.000000     0.237660     0.012316        87269 
   38.300  5898.000000     0.083705     0.004330        88111 
   38.400  5419.000000    -0.242966    -0.012093        85860 
   38.500  5723.000000     0.113608     0.005926        84601 
   38.600  5671.000000    -0.128132    -0.006523        83624 
   38.700  5397.000000     0.091852     0.004577        84055 
   38.800  5101.000000     0.338033     0.016404        85969 
   38.900  5291.000000     0.468062     0.022765        85648 
   39.000  5440.000000     0.310816     0.015112        85135 
   39.100  5386.000000     0.103798     0.005169        84341 
   39.200  5373.000000    -0.018295    -0.000924        84678 
   39.300  5000.000000     0.285530     0.014107        85682 
   39.400  4579.000000     0.522675     0.025986        84834 
   39.500  4988.000000     0.144307     0.007084        84554 
   39.600  4979.000000    -0.280718    -0.014337        84583 
   39.700  5467.000000     0.278864     0.014000        86886 
   39.800  5343.000000     0.168596     0.008326        85439 
   39.900  5308.000000    -0.055692    -0.002817        85291 
   40.000  5003.000000    -0.013779    -0.000684        85224 
