## Jackknife output: chrom 18
    0.100  3472.000000     4.817445     0.231404       112623 
    0.200  4720.000000     3.038403     0.151833       162505 
    0.300  5459.000000     2.351729     0.120346       167465 
    0.400  5142.000000     2.107512     0.103678       166386 
    0.500  5045.000000     2.012279     0.100919       166706 
    0.600  4756.000000     1.821486     0.091625       167436 
    0.700  5100.000000     1.623400     0.081602       163239 
    0.800  5187.000000     1.733296     0.085800       163080 
    0.900  4981.000000     1.397209     0.068753       165430 
    1.000  5385.000000     1.251095     0.061431       164432 
    1.100  5231.000000     1.174732     0.058214       162814 
    1.200  5267.000000     1.228137     0.059699       164157 
    1.300  5326.000000     1.357158     0.065709       162479 
    1.400  5127.000000     1.338124     0.066601       160368 
    1.500  5093.000000     1.353630     0.067377       157924 
    1.600  5125.000000     1.088120     0.055307       157164 
    1.700  4877.000000     0.964205     0.050131       157733 
    1.800  4981.000000     0.952901     0.047952       159217 
    1.900  5146.000000     0.807533     0.040195       158067 
    2.000  5223.000000     0.777113     0.038530       156468 
    2.100  5490.000000     0.805592     0.039664       158479 
    2.200  5078.000000     0.642457     0.031333       156495 
    2.300  4878.000000     0.836514     0.041837       156638 
    2.400  4957.000000     0.727922     0.036580       156604 
    2.500  4818.000000     0.785217     0.039458       152486 
    2.600  4698.000000     0.697908     0.036073       150470 
    2.700  4602.000000     0.742968     0.038379       151637 
    2.800  4727.000000     0.853853     0.043523       150783 
    2.900  4723.000000     0.799874     0.040170       149324 
    3.000  4837.000000     0.569143     0.027898       152808 
    3.100  4936.000000     0.532202     0.026264       150514 
    3.200  4669.000000     0.386540     0.018881       151403 
    3.300  4527.000000     0.558119     0.028008       152324 
    3.400  4558.000000     0.817302     0.042312       150585 
    3.500  4404.000000     0.753916     0.037835       150681 
    3.600  4422.000000     0.786841     0.039247       149248 
    3.700  4326.000000     0.579552     0.029098       148722 
    3.800  4212.000000     0.098616     0.004924       149656 
    3.900  4634.000000     0.470164     0.022890       146415 
    4.000  4582.000000     0.574830     0.028868       148811 
    4.100  4565.000000     0.567947     0.028359       147298 
    4.200  4463.000000     0.542383     0.027266       148461 
    4.300  4704.000000     0.501831     0.025667       147130 
    4.400  4638.000000     0.547106     0.027725       146288 
    4.500  4245.000000     0.402771     0.020255       145229 
    4.600  4551.000000     0.334218     0.016813       146593 
    4.700  4275.000000     0.646981     0.032258       145445 
    4.800  4484.000000     0.389674     0.019700       144768 
    4.900  4646.000000    -0.038747    -0.001937       145342 
    5.000  4431.000000     0.313926     0.015576       144814 
    5.100  4362.000000     0.393750     0.020269       145239 
    5.200  4523.000000     0.380640     0.019198       147709 
    5.300  4611.000000     0.434858     0.022007       146094 
    5.400  4371.000000     0.123405     0.006121       144284 
    5.500  4252.000000     0.478709     0.024308       145741 
    5.600  3835.000000     0.418456     0.021347       146949 
    5.700  3984.000000     0.574425     0.029044       143695 
    5.800  4048.000000     0.392296     0.019683       143778 
    5.900  4415.000000     0.216333     0.010808       141283 
    6.000  4029.000000     0.484154     0.024345       142982 
    6.100  4226.000000     0.582911     0.029351       141828 
    6.200  4128.000000     0.399480     0.020086       138817 
    6.300  4078.000000     0.400395     0.020159       138476 
    6.400  4192.000000     0.393092     0.019512       139811 
    6.500  4313.000000     0.117316     0.005817       139427 
    6.600  4009.000000    -0.293750    -0.014627       140872 
    6.700  4332.000000     0.098096     0.004785       140765 
    6.800  4151.000000     0.382533     0.018751       139428 
    6.900  4031.000000     0.350720     0.017450       139689 
    7.000  4192.000000     0.250084     0.012544       139730 
    7.100  3923.000000     0.329943     0.016701       139514 
    7.200  4079.000000     0.430684     0.021718       138840 
    7.300  4227.000000     0.443126     0.022292       138918 
    7.400  3968.000000     0.389156     0.019296       137961 
    7.500  3685.000000     0.383581     0.018883       138033 
    7.600  3878.000000     0.371537     0.018514       136591 
    7.700  4020.000000     0.436763     0.022483       135878 
    7.800  3670.000000     0.577534     0.029182       137256 
    7.900  3927.000000     0.448745     0.023348       138770 
    8.000  4429.000000     0.597749     0.030972       138454 
    8.100  3989.000000     0.165106     0.008256       137599 
    8.200  3978.000000     0.189866     0.009485       138194 
    8.300  4045.000000     0.505564     0.025302       136494 
    8.400  4023.000000     0.338142     0.016717       133584 
    8.500  4184.000000     0.070645     0.003627       133669 
    8.600  3834.000000     0.103620     0.005229       134648 
    8.700  3847.000000     0.174366     0.008539       133647 
    8.800  3961.000000     0.524234     0.026704       133714 
    8.900  3823.000000     0.204445     0.010398       132932 
    9.000  3931.000000     0.281207     0.014062       133076 
    9.100  4096.000000     0.393309     0.019571       133304 
    9.200  4110.000000     0.637583     0.031555       133722 
    9.300  3647.000000     0.105986     0.005285       136180 
    9.400  3567.000000     0.391535     0.019496       133192 
    9.500  3660.000000     0.188124     0.009637       133269 
    9.600  3431.000000     0.499468     0.025592       130670 
    9.700  3794.000000     0.329264     0.016275       130441 
    9.800  3819.000000     0.165198     0.008105       129251 
    9.900  3713.000000     0.273220     0.013192       128377 
   10.000  4068.000000     0.257756     0.012947       128514 
   10.100  3855.000000     0.496803     0.025451       131147 
   10.200  3599.000000     0.091553     0.004624       130872 
   10.300  3643.000000     0.226466     0.011439       130186 
   10.400  3835.000000     0.276518     0.014108       130190 
   10.500  3703.000000     0.169630     0.008820       128906 
   10.600  3647.000000     0.185184     0.009528       127782 
   10.700  3836.000000     0.575313     0.028822       127994 
   10.800  3836.000000     0.382815     0.019412       126291 
   10.900  3723.000000     0.320202     0.016142       128014 
   11.000  3836.000000     0.532395     0.027363       124784 
   11.100  3687.000000     0.328829     0.016412       127234 
   11.200  3561.000000     0.016360     0.000819       126852 
   11.300  3689.000000     0.173748     0.008650       127974 
   11.400  3790.000000     0.358975     0.018431       128113 
   11.500  3562.000000     0.219676     0.011058       124531 
   11.600  3679.000000     0.367085     0.018226       124582 
   11.700  3754.000000     0.104306     0.005194       123751 
   11.800  3783.000000     0.446171     0.022203       124595 
   11.900  3769.000000     0.397729     0.020284       122527 
   12.000  3835.000000     0.284552     0.014533       124528 
   12.100  4002.000000     0.071513     0.003713       126120 
   12.200  3569.000000    -0.029518    -0.001485       125696 
   12.300  3893.000000     0.523327     0.026522       124090 
   12.400  3517.000000     0.207109     0.010171       124666 
   12.500  3538.000000     0.192890     0.009573       123361 
   12.600  4000.000000     0.564193     0.027975       122838 
   12.700  3467.000000     0.077158     0.003897       121280 
   12.800  4141.000000    -0.109459    -0.005537       121669 
   12.900  4024.000000     0.469831     0.024010       120786 
   13.000  4135.000000     0.650920     0.033012       124341 
   13.100  3846.000000     0.331898     0.016380       123845 
   13.200  3620.000000     0.210061     0.010459       121548 
   13.300  3624.000000     0.036908     0.001828       119818 
   13.400  3590.000000    -0.194768    -0.009618       121544 
   13.500  3531.000000    -0.083718    -0.004248       122059 
   13.600  3506.000000     0.136817     0.006846       121507 
   13.700  4209.000000     0.448886     0.022632       122240 
   13.800  3722.000000     0.321791     0.016421       122106 
   13.900  3622.000000     0.343723     0.016892       120820 
   14.000  3788.000000     0.261205     0.012899       120997 
   14.100  3387.000000     0.433559     0.022043       121159 
   14.200  3488.000000     0.242072     0.012232       122134 
   14.300  3605.000000     0.275592     0.014063       122610 
   14.400  3944.000000     0.479567     0.023458       122197 
   14.500  3586.000000     0.311481     0.015808       124295 
   14.600  3608.000000     0.112698     0.005812       122744 
   14.700  3785.000000     0.045613     0.002306       121765 
   14.800  3776.000000     0.157446     0.007962       121134 
   14.900  3769.000000     0.250699     0.012729       120352 
   15.000  3784.000000     0.233642     0.011895       120908 
   15.100  3485.000000     0.369642     0.018947       121156 
   15.200  3671.000000     0.440478     0.021934       119729 
   15.300  3389.000000     0.554807     0.027580       117521 
   15.400  3211.000000     0.212276     0.010398       119551 
   15.500  3035.000000    -0.047583    -0.002368       119728 
   15.600  3332.000000     0.231891     0.011812       118888 
   15.700  3594.000000     0.394022     0.019808       119547 
   15.800  3266.000000     0.100362     0.005016       118265 
   15.900  3592.000000    -0.091773    -0.004484       118303 
   16.000  3664.000000    -0.091646    -0.004565       118163 
   16.100  3615.000000    -0.016967    -0.000848       116664 
   16.200  3369.000000     0.389322     0.019655       118430 
   16.300  3308.000000     0.070848     0.003524       118884 
   16.400  3299.000000     0.186281     0.009447       116444 
   16.500  3230.000000    -0.228540    -0.011359       117174 
   16.600  3465.000000    -0.010806    -0.000537       115668 
   16.700  3539.000000     0.264536     0.013180       116587 
   16.800  3400.000000     0.046855     0.002354       115932 
   16.900  3307.000000    -0.160331    -0.008212       116334 
   17.000  3418.000000     0.056431     0.002908       114633 
   17.100  3639.000000     0.161364     0.008385       115599 
   17.200  3753.000000     0.198356     0.010427       113741 
   17.300  3393.000000     0.000213     0.000011       113349 
   17.400  3425.000000    -0.055019    -0.002793       114764 
   17.500  3350.000000     0.222455     0.011684       116203 
   17.600  3485.000000     0.504565     0.026986       114267 
   17.700  3514.000000     0.002752     0.000142       111723 
   17.800  3358.000000     0.038458     0.002031       112005 
   17.900  3153.000000    -0.044563    -0.002259       112647 
   18.000  3662.000000     0.195628     0.009932       113388 
   18.100  3127.000000    -0.245977    -0.012217       112441 
   18.200  3218.000000    -0.224049    -0.011277       113985 
   18.300  3342.000000     0.220688     0.011044       112028 
   18.400  3255.000000     0.132957     0.006708       113890 
   18.500  3187.000000     0.413124     0.020522       114690 
   18.600  3283.000000     0.032294     0.001624       115734 
   18.700  3600.000000     0.088171     0.004411       112488 
   18.800  3508.000000     0.457108     0.023004       112425 
   18.900  3376.000000     0.354354     0.017712       115249 
   19.000  3685.000000     0.541857     0.027203       114080 
   19.100  3173.000000     0.344381     0.016782       114846 
   19.200  3349.000000     0.339115     0.016903       113105 
   19.300  3217.000000     0.583255     0.029102       112979 
   19.400  3031.000000     0.518795     0.026754       114286 
   19.500  3199.000000     0.345221     0.017707       113566 
   19.600  3159.000000     0.378758     0.018758       112448 
   19.700  3184.000000     0.872441     0.042646       113735 
   19.800  3142.000000     0.074471     0.003773       112807 
   19.900  3220.000000     0.217782     0.010998       114224 
   20.000  3392.000000     0.105234     0.005423       114162 
   20.100  3595.000000    -0.072431    -0.003730       111464 
   20.200  3341.000000    -0.259696    -0.012921       109874 
   20.300  3219.000000     0.121119     0.006093       110665 
   20.400  3121.000000     0.046604     0.002358       110907 
   20.500  3177.000000     0.146820     0.007605       111639 
   20.600  3137.000000     0.177774     0.009147       111249 
   20.700  3159.000000     0.132010     0.006747       110838 
   20.800  3223.000000     0.162216     0.008135       110882 
   20.900  3182.000000     0.098576     0.005093       109596 
   21.000  3710.000000     0.091015     0.004710       111291 
   21.100  3911.000000    -0.065717    -0.003256       109486 
   21.200  3285.000000    -0.191284    -0.009445       110459 
   21.300  3469.000000     0.019881     0.000955       109992 
   21.400  3365.000000     0.181809     0.008931       111501 
   21.500  2914.000000     0.112524     0.005542       109523 
   21.600  2907.000000     0.122151     0.006111       109128 
   21.700  3021.000000     0.218996     0.010913       109823 
   21.800  3070.000000     0.442381     0.022104       109085 
   21.900  3419.000000     0.508964     0.025221       108412 
   22.000  3394.000000     0.260550     0.012807       107788 
   22.100  3485.000000    -0.005133    -0.000259       107709 
   22.200  3227.000000    -0.060319    -0.003022       107699 
   22.300  3283.000000     0.252260     0.012642       108451 
   22.400  3233.000000     0.233984     0.011893       108999 
   22.500  3169.000000     0.494584     0.024969       106534 
   22.600  2987.000000     0.202834     0.010079       106773 
   22.700  3015.000000    -0.109833    -0.005463       108772 
   22.800  3151.000000    -0.111609    -0.005627       107688 
   22.900  3253.000000     0.057511     0.002855       108622 
   23.000  2987.000000     0.319231     0.016023       108050 
   23.100  3143.000000     0.252354     0.012466       107444 
   23.200  2897.000000     0.462444     0.022697       107002 
   23.300  3150.000000     0.059348     0.002939       106732 
   23.400  3440.000000    -0.154109    -0.007526       107706 
   23.500  3315.000000    -0.102833    -0.005040       108553 
   23.600  3046.000000     0.380884     0.018376       108515 
   23.700  3283.000000     0.415690     0.020675       108264 
   23.800  3137.000000    -0.004402    -0.000220       106240 
   23.900  2995.000000     0.055609     0.002786       103657 
   24.000  2748.000000     0.147505     0.007174       103300 
   24.100  2897.000000     0.044335     0.002123       103406 
   24.200  2953.000000    -0.094168    -0.004581       104482 
   24.300  2683.000000     0.235501     0.011595       107201 
   24.400  2766.000000    -0.109659    -0.005547       107638 
   24.500  2729.000000    -0.047041    -0.002336       107382 
   24.600  2847.000000     0.242083     0.012085       105833 
   24.700  2973.000000     0.538918     0.027493       104755 
   24.800  3030.000000     0.143519     0.007195       104010 
   24.900  3304.000000     0.097585     0.004914       102611 
   25.000  3400.000000     0.135541     0.006727       104869 
   25.100  3027.000000     0.264740     0.013132       104285 
   25.200  3143.000000     0.488022     0.024191       105551 
   25.300  3203.000000     0.356136     0.017708       103714 
   25.400  3202.000000     0.037250     0.001868       104154 
   25.500  2889.000000    -0.072645    -0.003670       104553 
   25.600  3046.000000     0.228380     0.011638       103303 
   25.700  3014.000000    -0.007983    -0.000411       103851 
   25.800  2807.000000    -0.177024    -0.008970       104187 
   25.900  3011.000000     0.287352     0.014641       103448 
   26.000  3277.000000     0.540605     0.026463       105567 
   26.100  2855.000000     0.118110     0.005830       104537 
   26.200  3316.000000     0.043150     0.002082       104967 
   26.300  3029.000000     0.489270     0.024198       105087 
   26.400  3131.000000     0.158872     0.008033       102872 
   26.500  3142.000000     0.288835     0.014544       103164 
   26.600  2922.000000    -0.011479    -0.000561       104323 
   26.700  2902.000000     0.046506     0.002274       102227 
   26.800  3120.000000    -0.306427    -0.015021       103931 
   26.900  3172.000000    -0.257039    -0.012646       104209 
   27.000  2821.000000     0.000298     0.000015       101311 
   27.100  2948.000000    -0.209838    -0.010456       101386 
   27.200  3289.000000     0.098133     0.004897       102287 
   27.300  3092.000000     0.263494     0.012883       100438 
   27.400  3231.000000    -0.066637    -0.003313       100977 
   27.500  3259.000000     0.074400     0.003744        99458 
   27.600  3036.000000     0.036831     0.001878       100668 
   27.700  3070.000000     0.273117     0.013547       102378 
   27.800  3042.000000    -0.322620    -0.015986       102490 
   27.900  2970.000000    -0.014811    -0.000729       100674 
   28.000  3303.000000     0.166043     0.008282        97634 
   28.100  3003.000000    -0.164044    -0.008262        97798 
   28.200  3036.000000    -0.063152    -0.003243        98238 
   28.300  2955.000000    -0.100378    -0.005169        98171 
   28.400  2838.000000    -0.235546    -0.011829        98030 
   28.500  3004.000000    -0.096964    -0.004887        97220 
   28.600  2911.000000     0.161199     0.007986        98941 
   28.700  3106.000000    -0.074569    -0.003670        97745 
   28.800  3066.000000    -0.029411    -0.001455        99270 
   28.900  3174.000000     0.127772     0.006231        99998 
   29.000  3086.000000    -0.017904    -0.000880        98897 
   29.100  3009.000000    -0.234340    -0.011546        98626 
   29.200  3053.000000    -0.008189    -0.000406        99389 
   29.300  2973.000000    -0.167946    -0.008375       100863 
   29.400  2896.000000    -0.078037    -0.003794        98767 
   29.500  2724.000000    -0.333046    -0.016176        98667 
   29.600  2970.000000    -0.258973    -0.012410        99189 
   29.700  2859.000000    -0.312564    -0.015407        99899 
   29.800  2762.000000    -0.139618    -0.006784        97333 
   29.900  2849.000000    -0.384392    -0.019871        97531 
   30.000  3306.000000     0.135792     0.006781       100395 
   30.100  3173.000000     0.256531     0.012729        98772 
   30.200  2973.000000     0.192315     0.009455       100081 
   30.300  3033.000000    -0.536062    -0.026929        98594 
   30.400  2987.000000    -0.013417    -0.000667       100159 
   30.500  3239.000000     0.145723     0.007056       101128 
   30.600  2688.000000     0.201202     0.009989        98396 
   30.700  2924.000000     0.326580     0.016298        97489 
   30.800  3172.000000    -0.212174    -0.010016        96772 
   30.900  2878.000000    -0.179188    -0.008725        98552 
   31.000  3018.000000    -0.133543    -0.006672        97191 
   31.100  2954.000000     0.559943     0.028323        95161 
   31.200  2938.000000     0.438891     0.021598        97370 
   31.300  2780.000000     0.339298     0.017058        95371 
   31.400  2788.000000     0.331468     0.016868        96968 
   31.500  2754.000000     0.128525     0.006613        96508 
   31.600  2740.000000    -0.243262    -0.012067        96087 
   31.700  3078.000000    -0.119265    -0.005920        95339 
   31.800  2830.000000    -0.059181    -0.002915        94666 
   31.900  2904.000000     0.188046     0.009203        94775 
   32.000  2734.000000     0.168217     0.008360        95818 
   32.100  2820.000000     0.041924     0.002084        94043 
   32.200  2998.000000     0.299407     0.014704        95370 
   32.300  2556.000000     0.383739     0.019307        94058 
   32.400  2517.000000     0.198166     0.009777        94319 
   32.500  2947.000000    -0.166717    -0.008443        92900 
   32.600  2838.000000     0.241545     0.012198        93751 
   32.700  2776.000000     0.185313     0.009261        93653 
   32.800  2477.000000    -0.052767    -0.002574        94314 
   32.900  2829.000000     0.092634     0.004566        93658 
   33.000  2898.000000    -0.125985    -0.006261        93535 
   33.100  3064.000000     0.132248     0.006564        93340 
   33.200  2970.000000     0.392354     0.019641        93716 
   33.300  2596.000000    -0.090818    -0.004565        93837 
   33.400  2638.000000     0.072369     0.003647        93852 
   33.500  2608.000000    -0.153244    -0.007651        93508 
   33.600  2620.000000    -0.298585    -0.014998        94613 
   33.700  2707.000000    -0.314614    -0.015354        94503 
   33.800  2903.000000     0.372175     0.018105        95616 
   33.900  2842.000000    -0.024805    -0.001206        96004 
   34.000  2725.000000    -0.080389    -0.003885        93241 
   34.100  2837.000000    -0.183222    -0.008949        93253 
   34.200  2583.000000    -0.179291    -0.008948        93418 
   34.300  2596.000000    -0.006117    -0.000308        92766 
   34.400  2607.000000     0.017012     0.000828        93654 
   34.500  2420.000000     0.103688     0.005091        93032 
   34.600  2384.000000     0.458284     0.022412        92320 
   34.700  2963.000000     0.363744     0.018028        93228 
   34.800  2579.000000    -0.161323    -0.008055        93560 
   34.900  2405.000000    -0.059807    -0.003055        91145 
   35.000  2520.000000     0.109031     0.005601        90801 
   35.100  2678.000000    -0.047612    -0.002345        91517 
   35.200  2471.000000    -0.303587    -0.015022        91504 
   35.300  2656.000000    -0.185863    -0.009530        90059 
   35.400  2759.000000    -0.365095    -0.018210        89540 
   35.500  2626.000000     0.102662     0.005123        91896 
   35.600  2517.000000     0.322029     0.016028        92740 
   35.700  2726.000000    -0.128588    -0.006308        91759 
   35.800  2547.000000    -0.409505    -0.020462        91137 
   35.900  2691.000000    -0.325569    -0.016563        92815 
   36.000  2661.000000    -0.202184    -0.010154        92494 
   36.100  2441.000000    -0.055562    -0.002774        92292 
   36.200  2509.000000    -0.244759    -0.012542        89773 
   36.300  2256.000000    -0.280025    -0.014111        90810 
   36.400  2200.000000    -0.019779    -0.000978        91184 
   36.500  2318.000000     0.150275     0.007697        90524 
   36.600  2140.000000    -0.457857    -0.023187        88624 
   36.700  2427.000000    -0.111589    -0.005399        89080 
   36.800  2258.000000    -0.136463    -0.006701        90052 
   36.900  2357.000000     0.235013     0.011745        90766 
   37.000  2356.000000     0.190461     0.009387        91852 
   37.100  2355.000000     0.554615     0.027355        90304 
   37.200  2496.000000     0.212838     0.010493        91882 
   37.300  2462.000000    -0.083515    -0.004084        91613 
   37.400  2305.000000     0.366266     0.017848        91601 
   37.500  2449.000000     0.100030     0.004901        90606 
   37.600  2392.000000     0.177066     0.008920        90679 
   37.700  2565.000000    -0.083583    -0.004226        90260 
   37.800  2709.000000     0.123545     0.006179        90940 
   37.900  2586.000000    -0.055096    -0.002879        92038 
   38.000  2636.000000    -0.034322    -0.001738        91211 
   38.100  2531.000000    -0.304226    -0.015126        88774 
   38.200  2423.000000     0.168955     0.008740        90483 
   38.300  2440.000000     0.003274     0.000169        91569 
   38.400  2629.000000    -0.203280    -0.010112        88650 
   38.500  2768.000000     0.138492     0.007246        87556 
   38.600  2328.000000    -0.169094    -0.008561        86967 
   38.700  2371.000000    -0.012137    -0.000601        87081 
   38.800  2407.000000     0.214079     0.010328        88663 
   38.900  2565.000000     0.445916     0.021667        88374 
   39.000  2744.000000     0.248382     0.012115        87831 
   39.100  2517.000000     0.088980     0.004428        87210 
   39.200  2438.000000    -0.046754    -0.002356        87613 
   39.300  2502.000000     0.177830     0.008819        88180 
   39.400  2275.000000     0.430007     0.021348        87138 
   39.500  2194.000000     0.161810     0.007964        87348 
   39.600  2571.000000    -0.300798    -0.015461        86991 
   39.700  2576.000000     0.292410     0.014700        89777 
   39.800  2533.000000     0.094455     0.004675        88249 
   39.900  2578.000000    -0.089778    -0.004514        88021 
   40.000  2579.000000     0.074882     0.003708        87648 
