## Jackknife output: chrom 8
    0.100  5417.000000     4.733342     0.227336       110678 
    0.200  7938.000000     3.068534     0.152548       159287 
    0.300  8520.000000     2.508210     0.127248       164404 
    0.400  8162.000000     2.091379     0.102863       163366 
    0.500  7910.000000     2.005122     0.100515       163841 
    0.600  8191.000000     1.795787     0.090106       164001 
    0.700  7454.000000     1.616499     0.080847       160885 
    0.800  7530.000000     1.756185     0.086442       160737 
    0.900  7764.000000     1.427086     0.070167       162647 
    1.000  7645.000000     1.256123     0.061427       162172 
    1.100  7771.000000     1.220305     0.060230       160274 
    1.200  7955.000000     1.211610     0.059005       161469 
    1.300  8295.000000     1.395668     0.067138       159510 
    1.400  7670.000000     1.298735     0.064202       157825 
    1.500  8117.000000     1.392494     0.069065       154900 
    1.600  7831.000000     1.042539     0.052857       154458 
    1.700  8547.000000     0.967765     0.050259       154063 
    1.800  8324.000000     0.965740     0.048514       155874 
    1.900  7727.000000     0.838420     0.041616       155486 
    2.000  7395.000000     0.798622     0.039678       154296 
    2.100  8154.000000     0.760468     0.037453       155815 
    2.200  7968.000000     0.638796     0.031101       153605 
    2.300  8165.000000     0.827664     0.041329       153351 
    2.400  7950.000000     0.710483     0.035832       153611 
    2.500  7850.000000     0.769794     0.038670       149454 
    2.600  7524.000000     0.727056     0.037660       147644 
    2.700  7705.000000     0.792332     0.041127       148534 
    2.800  7458.000000     0.838819     0.042636       148052 
    2.900  7034.000000     0.821584     0.041399       147013 
    3.000  7506.000000     0.576186     0.028230       150139 
    3.100  7631.000000     0.601042     0.029630       147819 
    3.200  7575.000000     0.400119     0.019493       148497 
    3.300  7929.000000     0.603708     0.030222       148922 
    3.400  7521.000000     0.849126     0.043826       147622 
    3.500  7890.000000     0.742864     0.037084       147195 
    3.600  7517.000000     0.723616     0.035905       146153 
    3.700  7434.000000     0.561600     0.028168       145614 
    3.800  8125.000000     0.181614     0.008981       145743 
    3.900  7661.000000     0.522121     0.025362       143388 
    4.000  7301.000000     0.572980     0.028738       146092 
    4.100  7235.000000     0.514577     0.025719       144628 
    4.200  7440.000000     0.579225     0.029065       145484 
    4.300  6926.000000     0.522638     0.026687       144908 
    4.400  7009.000000     0.520231     0.026248       143917 
    4.500  6959.000000     0.383475     0.019319       142515 
    4.600  7595.000000     0.351501     0.017705       143549 
    4.700  7624.000000     0.708285     0.035310       142096 
    4.800  7466.000000     0.399441     0.020118       141786 
    4.900  7572.000000     0.029249     0.001458       142416 
    5.000  7216.000000     0.274050     0.013551       142029 
    5.100  7308.000000     0.419303     0.021597       142293 
    5.200  7492.000000     0.483419     0.024467       144740 
    5.300  7399.000000     0.522073     0.026316       143306 
    5.400  7348.000000     0.160461     0.007924       141307 
    5.500  7584.000000     0.540902     0.027501       142409 
    5.600  7798.000000     0.555183     0.028372       142986 
    5.700  7588.000000     0.632144     0.032128       140091 
    5.800  6980.000000     0.385918     0.019375       140846 
    5.900  6859.000000     0.310750     0.015502       138839 
    6.000  6603.000000     0.532804     0.026817       140408 
    6.100  6328.000000     0.631040     0.031690       139726 
    6.200  6903.000000     0.407001     0.020424       136042 
    6.300  6712.000000     0.458394     0.022990       135842 
    6.400  6880.000000     0.493579     0.024509       137123 
    6.500  7638.000000     0.137224     0.006783       136102 
    6.600  7396.000000    -0.224453    -0.011119       137485 
    6.700  6946.000000     0.144392     0.007008       138151 
    6.800  7114.000000     0.431459     0.021090       136465 
    6.900  7144.000000     0.443232     0.021916       136576 
    7.000  7196.000000     0.424276     0.021213       136726 
    7.100  7170.000000     0.438005     0.022090       136267 
    7.200  7152.000000     0.457122     0.022993       135767 
    7.300  7327.000000     0.509112     0.025392       135818 
    7.400  7028.000000     0.543735     0.026878       134901 
    7.500  6732.000000     0.348549     0.017092       134986 
    7.600  6745.000000     0.384539     0.019082       133724 
    7.700  6742.000000     0.495983     0.025363       133156 
    7.800  6758.000000     0.578144     0.029086       134168 
    7.900  7119.000000     0.479029     0.024898       135578 
    8.000  6970.000000     0.610769     0.031629       135913 
    8.100  6791.000000     0.254375     0.012706       134797 
    8.200  6790.000000     0.224576     0.011221       135382 
    8.300  6594.000000     0.519806     0.025923       133945 
    8.400  6476.000000     0.368719     0.018203       131131 
    8.500  6674.000000     0.095162     0.004841       131179 
    8.600  6906.000000     0.126049     0.006337       131576 
    8.700  7132.000000     0.146057     0.007129       130362 
    8.800  7229.000000     0.536890     0.027293       130446 
    8.900  6959.000000     0.190684     0.009684       129796 
    9.000  6932.000000     0.302088     0.015099       130075 
    9.100  6840.000000     0.430567     0.021359       130560 
    9.200  6938.000000     0.621859     0.030780       130894 
    9.300  6809.000000     0.173426     0.008634       133018 
    9.400  6618.000000     0.328007     0.016258       130141 
    9.500  6241.000000     0.133953     0.006845       130688 
    9.600  6198.000000     0.527737     0.027037       127903 
    9.700  6356.000000     0.414382     0.020568       127879 
    9.800  6297.000000     0.265997     0.013049       126773 
    9.900  5789.000000     0.317665     0.015398       126301 
   10.000  6035.000000     0.228126     0.011567       126547 
   10.100  6056.000000     0.512544     0.026253       128946 
   10.200  6308.000000     0.116905     0.005914       128163 
   10.300  6303.000000     0.194358     0.009755       127526 
   10.400  6885.000000     0.179194     0.009125       127140 
   10.500  6507.000000     0.205826     0.010673       126102 
   10.600  6282.000000     0.249388     0.012786       125147 
   10.700  6188.000000     0.539723     0.027103       125642 
   10.800  6309.000000     0.396548     0.020071       123818 
   10.900  6501.000000     0.361198     0.018151       125236 
   11.000  6545.000000     0.647155     0.033264       122075 
   11.100  6327.000000     0.333744     0.016606       124594 
   11.200  6246.000000    -0.003182    -0.000159       124167 
   11.300  6061.000000     0.202065     0.010096       125602 
   11.400  6129.000000     0.387996     0.019861       125774 
   11.500  5747.000000     0.233064     0.011687       122346 
   11.600  5408.000000     0.350091     0.017340       122853 
   11.700  6101.000000     0.056094     0.002774       121404 
   11.800  5724.000000     0.368062     0.018265       122654 
   11.900  6151.000000     0.425209     0.021592       120145 
   12.000  6136.000000     0.348927     0.017681       122227 
   12.100  6229.000000     0.041052     0.002123       123893 
   12.200  6322.000000    -0.046858    -0.002355       122943 
   12.300  5975.000000     0.477874     0.024179       122008 
   12.400  6012.000000     0.261904     0.012835       122171 
   12.500  5968.000000     0.194856     0.009599       120931 
   12.600  6166.000000     0.511707     0.025269       120672 
   12.700  6062.000000     0.141989     0.007218       118685 
   12.800  6191.000000    -0.158029    -0.008007       119619 
   12.900  6290.000000     0.453760     0.023109       118520 
   13.000  6254.000000     0.660576     0.033411       122222 
   13.100  6623.000000     0.420855     0.020855       121068 
   13.200  6607.000000     0.159649     0.007999       118561 
   13.300  6048.000000     0.036221     0.001798       117394 
   13.400  6228.000000    -0.244294    -0.012115       118906 
   13.500  6075.000000    -0.010584    -0.000538       119515 
   13.600  5893.000000     0.162212     0.008132       119120 
   13.700  5779.000000     0.502504     0.025295       120670 
   13.800  6103.000000     0.460994     0.023471       119725 
   13.900  6004.000000     0.421682     0.020756       118438 
   14.000  5789.000000     0.221771     0.010908       118996 
   14.100  6006.000000     0.344668     0.017300       118540 
   14.200  5971.000000     0.287531     0.014413       119651 
   14.300  6405.000000     0.281123     0.014295       119810 
   14.400  6484.000000     0.496777     0.024180       119657 
   14.500  5965.000000     0.333722     0.016932       121916 
   14.600  6133.000000     0.288681     0.014836       120219 
   14.700  6113.000000     0.050762     0.002561       119437 
   14.800  5919.000000     0.268314     0.013526       118991 
   14.900  5738.000000     0.309386     0.015767       118383 
   15.000  5842.000000     0.265327     0.013528       118850 
   15.100  5428.000000     0.419692     0.021487       119213 
   15.200  5958.000000     0.431769     0.021542       117442 
   15.300  5569.000000     0.544942     0.027168       115341 
   15.400  6086.000000     0.212749     0.010461       116676 
   15.500  6302.000000    -0.130683    -0.006548       116461 
   15.600  5874.000000     0.212515     0.010890       116346 
   15.700  5879.000000     0.307180     0.015456       117262 
   15.800  6524.000000     0.024427     0.001227       115007 
   15.900  6557.000000    -0.027674    -0.001358       115338 
   16.000  6142.000000    -0.028818    -0.001434       115685 
   16.100  6154.000000     0.034875     0.001744       114125 
   16.200  6212.000000     0.338886     0.017171       115587 
   16.300  6032.000000     0.137469     0.006819       116160 
   16.400  5992.000000     0.212736     0.010764       113751 
   16.500  5857.000000    -0.207084    -0.010259       114547 
   16.600  5932.000000     0.032758     0.001622       113201 
   16.700  5939.000000     0.314110     0.015637       114187 
   16.800  6130.000000     0.108907     0.005485       113202 
   16.900  5957.000000    -0.062175    -0.003202       113684 
   17.000  5632.000000     0.192106     0.009978       112419 
   17.100  5567.000000     0.206108     0.010771       113671 
   17.200  5545.000000     0.232912     0.012225       111949 
   17.300  5511.000000    -0.021886    -0.001142       111231 
   17.400  5451.000000    -0.114916    -0.005843       112738 
   17.500  5232.000000     0.244519     0.012777       114321 
   17.600  4991.000000     0.486944     0.025893       112761 
   17.700  5209.000000     0.005377     0.000277       110028 
   17.800  5433.000000    -0.036550    -0.001927       109930 
   17.900  5937.000000    -0.064827    -0.003270       109863 
   18.000  5856.000000     0.212711     0.010792       111194 
   18.100  5837.000000    -0.204274    -0.010086       109731 
   18.200  5849.000000    -0.147048    -0.007355       111354 
   18.300  5367.000000     0.319928     0.015934       110003 
   18.400  5766.000000     0.175976     0.008885       111379 
   18.500  5873.000000     0.437241     0.021749       112004 
   18.600  5413.000000     0.016256     0.000814       113604 
   18.700  5322.000000     0.161384     0.008099       110766 
   18.800  5234.000000     0.616915     0.030845       110699 
   18.900  5527.000000     0.428546     0.021376       113098 
   19.000  6171.000000     0.551628     0.027733       111594 
   19.100  5383.000000     0.365240     0.017789       112636 
   19.200  5320.000000     0.367872     0.018398       111134 
   19.300  5266.000000     0.611981     0.030565       110930 
   19.400  5345.000000     0.564215     0.028986       111972 
   19.500  5138.000000     0.395841     0.020235       111627 
   19.600  5552.000000     0.321710     0.015891       110055 
   19.700  5687.000000     0.877610     0.042723       111232 
   19.800  4940.000000     0.051272     0.002591       111009 
   19.900  5550.000000     0.195686     0.009865       111894 
   20.000  5678.000000     0.065473     0.003371       111876 
   20.100  5477.000000    -0.052291    -0.002698       109582 
   20.200  5613.000000    -0.243269    -0.012185       107602 
   20.300  5310.000000     0.154227     0.007771       108574 
   20.400  5590.000000     0.076895     0.003878       108438 
   20.500  5235.000000     0.185350     0.009557       109581 
   20.600  5015.000000     0.191041     0.009825       109371 
   20.700  5054.000000     0.103679     0.005302       108943 
   20.800  4995.000000     0.154728     0.007749       109110 
   20.900  5347.000000     0.110820     0.005727       107431 
   21.000  5342.000000     0.050348     0.002595       109659 
   21.100  5284.000000    -0.101305    -0.004997       108113 
   21.200  5523.000000    -0.172901    -0.008476       108221 
   21.300  5274.000000     0.037177     0.001775       108187 
   21.400  5883.000000     0.190034     0.009336       108983 
   21.500  5529.000000     0.175979     0.008696       106908 
   21.600  5878.000000     0.116219     0.005845       106157 
   21.700  5941.000000     0.206502     0.010318       106903 
   21.800  5474.000000     0.383939     0.019217       106681 
   21.900  5619.000000     0.501579     0.024915       106212 
   22.000  5415.000000     0.287298     0.014141       105767 
   22.100  5195.000000    -0.066779    -0.003361       105999 
   22.200  5811.000000    -0.081091    -0.004077       105115 
   22.300  5166.000000     0.265871     0.013361       106568 
   22.400  5130.000000     0.197443     0.010115       107102 
   22.500  5632.000000     0.491310     0.025082       104071 
   22.600  5098.000000     0.184108     0.009256       104662 
   22.700  5359.000000    -0.071000    -0.003574       106428 
   22.800  5178.000000    -0.145571    -0.007358       105661 
   22.900  4811.000000    -0.033954    -0.001695       107064 
   23.000  4786.000000     0.276264     0.013896       106251 
   23.100  4943.000000     0.250375     0.012399       105644 
   23.200  5127.000000     0.499715     0.024577       104772 
   23.300  5035.000000     0.147707     0.007321       104847 
   23.400  5635.000000    -0.176081    -0.008603       105511 
   23.500  5287.000000    -0.012548    -0.000615       106581 
   23.600  5620.000000     0.383270     0.018502       105941 
   23.700  5757.000000     0.429578     0.021353       105790 
   23.800  4873.000000    -0.045074    -0.002240       104504 
   23.900  5041.000000     0.141956     0.007050       101611 
   24.000  5178.000000     0.134240     0.006532       100870 
   24.100  5070.000000    -0.028211    -0.001355       101233 
   24.200  4847.000000    -0.111028    -0.005387       102588 
   24.300  5054.000000     0.294810     0.014470       104830 
   24.400  4833.000000    -0.018335    -0.000932       105571 
   24.500  5067.000000    -0.094384    -0.004704       105044 
   24.600  4529.000000     0.287367     0.014393       104151 
   24.700  4748.000000     0.528598     0.027064       102980 
   24.800  4783.000000     0.103098     0.005226       102257 
   24.900  4915.000000     0.124565     0.006296       101000 
   25.000  4910.000000     0.129423     0.006433       103359 
   25.100  4805.000000     0.329429     0.016475       102507 
   25.200  5607.000000     0.460445     0.022824       103087 
   25.300  4960.000000     0.382113     0.018999       101957 
   25.400  4983.000000     0.147370     0.007386       102373 
   25.500  5368.000000    -0.094188    -0.004745       102074 
   25.600  4769.000000     0.279862     0.014251       101580 
   25.700  5015.000000    -0.044179    -0.002287       101850 
   25.800  5013.000000    -0.182643    -0.009271       101981 
   25.900  4754.000000     0.220230     0.011199       101705 
   26.000  5027.000000     0.518609     0.025261       103817 
   26.100  4721.000000     0.057380     0.002827       102671 
   26.200  4825.000000     0.120842     0.005825       103458 
   26.300  4681.000000     0.494439     0.024424       103435 
   26.400  4554.000000     0.251217     0.012655       101449 
   26.500  5211.000000     0.329669     0.016605       101095 
   26.600  4915.000000    -0.043444    -0.002122       102330 
   26.700  4785.000000    -0.003846    -0.000187       100344 
   26.800  5103.000000    -0.255939    -0.012603       101948 
   26.900  5043.000000    -0.154890    -0.007668       102338 
   27.000  5111.000000     0.043750     0.002154        99021 
   27.100  4711.000000    -0.207011    -0.010340        99623 
   27.200  5064.000000     0.101269     0.005071       100512 
   27.300  4678.000000     0.269945     0.013229        98852 
   27.400  4834.000000    -0.054604    -0.002730        99374 
   27.500  4718.000000     0.101789     0.005109        97999 
   27.600  4990.000000     0.013847     0.000708        98714 
   27.700  4865.000000     0.218942     0.010748       100583 
   27.800  4527.000000    -0.338402    -0.016804       101005 
   27.900  4425.000000    -0.035976    -0.001773        99219 
   28.000  4681.000000     0.186526     0.009283        96256 
   28.100  4687.000000    -0.270815    -0.013681        96114 
   28.200  4933.000000    -0.116805    -0.006007        96341 
   28.300  4788.000000    -0.145227    -0.007441        96338 
   28.400  4815.000000    -0.231223    -0.011663        96053 
   28.500  4896.000000    -0.105321    -0.005285        95328 
   28.600  5034.000000     0.291031     0.014367        96818 
   28.700  4916.000000    -0.047936    -0.002365        95935 
   28.800  4930.000000    -0.003759    -0.000186        97406 
   28.900  5213.000000     0.089410     0.004383        97959 
   29.000  5324.000000    -0.115877    -0.005692        96659 
   29.100  5240.000000    -0.171819    -0.008444        96395 
   29.200  4840.000000     0.015810     0.000787        97602 
   29.300  5068.000000    -0.108283    -0.005381        98768 
   29.400  4599.000000    -0.116280    -0.005641        97064 
   29.500  4571.000000    -0.343139    -0.016655        96820 
   29.600  4263.000000    -0.236861    -0.011363        97896 
   29.700  4465.000000    -0.362866    -0.017948        98293 
   29.800  4571.000000    -0.112433    -0.005484        95524 
   29.900  4532.000000    -0.492241    -0.025473        95848 
   30.000  4949.000000     0.237280     0.011919        98752 
   30.100  4800.000000     0.319379     0.015953        97145 
   30.200  4780.000000     0.202710     0.009938        98274 
   30.300  4818.000000    -0.441860    -0.022118        96809 
   30.400  4912.000000     0.011581     0.000574        98234 
   30.500  4521.000000     0.111330     0.005393        99846 
   30.600  4905.000000     0.286408     0.014179        96179 
   30.700  5243.000000     0.307327     0.015327        95170 
   30.800  5195.000000    -0.158403    -0.007491        94749 
   30.900  5060.000000    -0.133929    -0.006527        96370 
   31.000  4879.000000    -0.063172    -0.003142        95330 
   31.100  4627.000000     0.503692     0.025258        93488 
   31.200  5100.000000     0.529497     0.025997        95208 
   31.300  4701.000000     0.465561     0.023454        93450 
   31.400  4489.000000     0.402392     0.020379        95267 
   31.500  4200.000000     0.056024     0.002874        95062 
   31.600  4331.000000    -0.286308    -0.014171        94496 
   31.700  4547.000000    -0.159103    -0.007908        93870 
   31.800  4657.000000    -0.027330    -0.001348        92839 
   31.900  4548.000000     0.139559     0.006860        93131 
   32.000  4921.000000     0.234103     0.011628        93631 
   32.100  5140.000000     0.123606     0.006171        91723 
   32.200  5418.000000     0.340987     0.016764        92950 
   32.300  5209.000000     0.370547     0.018701        91405 
   32.400  5397.000000     0.206433     0.010165        91439 
   32.500  5081.000000    -0.111757    -0.005663        90766 
   32.600  5076.000000     0.271249     0.013764        91513 
   32.700  4964.000000     0.119990     0.006006        91465 
   32.800  4405.000000    -0.042716    -0.002091        92386 
   32.900  4302.000000     0.107726     0.005305        92185 
   33.000  4511.000000    -0.125101    -0.006234        91922 
   33.100  4724.000000     0.030028     0.001493        91680 
   33.200  4979.000000     0.331998     0.016563        91707 
   33.300  4622.000000    -0.120802    -0.006097        91811 
   33.400  4408.000000     0.008307     0.000419        92082 
   33.500  4709.000000    -0.216925    -0.010855        91407 
   33.600  4798.000000    -0.355865    -0.017983        92435 
   33.700  4894.000000    -0.352337    -0.017143        92316 
   33.800  5252.000000     0.298315     0.014499        93267 
   33.900  4678.000000    -0.033901    -0.001651        94168 
   34.000  4485.000000    -0.033533    -0.001619        91481 
   34.100  5001.000000    -0.085114    -0.004176        91089 
   34.200  4812.000000    -0.187831    -0.009352        91189 
   34.300  4975.000000    -0.014015    -0.000707        90387 
   34.400  4814.000000    -0.094400    -0.004605        91447 
   34.500  4960.000000     0.087417     0.004332        90492 
   34.600  4680.000000     0.407280     0.019872        90024 
   34.700  5086.000000     0.302417     0.014893        91105 
   34.800  5241.000000    -0.236053    -0.011809        90898 
   34.900  5238.000000    -0.049801    -0.002537        88312 
   35.000  4573.000000     0.085037     0.004368        88748 
   35.100  4403.000000    -0.086696    -0.004274        89792 
   35.200  4331.000000    -0.278096    -0.013750        89644 
   35.300  4741.000000    -0.196304    -0.010030        87974 
   35.400  4815.000000    -0.446459    -0.022307        87484 
   35.500  5008.000000     0.013531     0.000672        89514 
   35.600  4754.000000     0.240308     0.012005        90503 
   35.700  4523.000000    -0.137904    -0.006816        89962 
   35.800  4691.000000    -0.429408    -0.021534        88993 
   35.900  4832.000000    -0.405121    -0.020621        90674 
   36.000  4492.000000    -0.198037    -0.009981        90663 
   36.100  4439.000000    -0.048452    -0.002430        90294 
   36.200  4584.000000    -0.219819    -0.011191        87698 
   36.300  4706.000000    -0.330776    -0.016633        88360 
   36.400  4487.000000     0.011935     0.000592        88897 
   36.500  4563.000000     0.169202     0.008646        88279 
   36.600  4219.000000    -0.429442    -0.021815        86545 
   36.700  4209.000000    -0.078945    -0.003827        87298 
   36.800  4481.000000     0.014414     0.000713        87829 
   36.900  4725.000000     0.203450     0.010154        88398 
   37.000  4842.000000     0.089385     0.004381        89366 
   37.100  4594.000000     0.487522     0.024096        88065 
   37.200  5073.000000     0.170973     0.008467        89305 
   37.300  4677.000000    -0.143540    -0.007041        89398 
   37.400  4818.000000     0.332005     0.016162        89088 
   37.500  4833.000000     0.253972     0.012438        88222 
   37.600  4741.000000     0.297191     0.015046        88330 
   37.700  4826.000000    -0.068634    -0.003470        87999 
   37.800  4675.000000     0.223819     0.011143        88974 
   37.900  4668.000000     0.051785     0.002705        89956 
   38.000  4839.000000    -0.015383    -0.000777        89008 
   38.100  4541.000000    -0.183930    -0.009201        86764 
   38.200  4690.000000     0.131383     0.006792        88216 
   38.300  4290.000000     0.035558     0.001823        89719 
   38.400  4256.000000    -0.154195    -0.007681        87023 
   38.500  4250.000000     0.189841     0.009908        86074 
   38.600  4261.000000    -0.098780    -0.005013        85034 
   38.700  4282.000000     0.105072     0.005220        85170 
   38.800  4315.000000     0.282183     0.013689        86755 
   38.900  4107.000000     0.477571     0.023439        86832 
   39.000  4357.000000     0.286768     0.014029        86218 
   39.100  4341.000000     0.103388     0.005170        85386 
   39.200  4150.000000     0.024907     0.001265        85901 
   39.300  4420.000000     0.240385     0.011904        86262 
   39.400  4382.000000     0.420573     0.020889        85031 
   39.500  4424.000000     0.064254     0.003165        85118 
   39.600  4386.000000    -0.357161    -0.018370        85176 
   39.700  4457.000000     0.220923     0.011072        87896 
   39.800  4218.000000     0.053796     0.002665        86564 
   39.900  4234.000000    -0.074743    -0.003785        86365 
   40.000  4299.000000     0.068158     0.003403        85928 
