## Jackknife output: chrom 20
    0.100  3829.000000     4.764061     0.228592       112266 
    0.200  5594.000000     3.003516     0.149389       161631 
    0.300  5298.000000     2.327892     0.118522       167626 
    0.400  5343.000000     2.117133     0.104307       166185 
    0.500  5540.000000     2.002522     0.100434       166211 
    0.600  5601.000000     1.785721     0.089799       166591 
    0.700  5545.000000     1.674287     0.084041       162794 
    0.800  5605.000000     1.793945     0.088721       162662 
    0.900  5282.000000     1.474521     0.072474       165129 
    1.000  5269.000000     1.296522     0.063515       164548 
    1.100  5402.000000     1.227039     0.060639       162643 
    1.200  5492.000000     1.286814     0.062565       163932 
    1.300  5134.000000     1.348870     0.065346       162671 
    1.400  5177.000000     1.339950     0.066408       160318 
    1.500  5250.000000     1.380442     0.068668       157767 
    1.600  5349.000000     1.097738     0.055813       156940 
    1.700  5229.000000     0.997692     0.051781       157381 
    1.800  5623.000000     0.989698     0.049698       158575 
    1.900  5628.000000     0.896022     0.044380       157585 
    2.000  4864.000000     0.856869     0.042462       156827 
    2.100  5092.000000     0.783283     0.038621       158877 
    2.200  5262.000000     0.616802     0.030042       156311 
    2.300  5441.000000     0.837332     0.041844       156075 
    2.400  5516.000000     0.766100     0.038557       156045 
    2.500  5448.000000     0.721106     0.036311       151856 
    2.600  5147.000000     0.702107     0.036293       150021 
    2.700  5501.000000     0.705303     0.036500       150738 
    2.800  5126.000000     0.858392     0.043687       150384 
    2.900  5124.000000     0.814877     0.040927       148923 
    3.000  4892.000000     0.582380     0.028620       152753 
    3.100  4724.000000     0.542919     0.026926       150726 
    3.200  4970.000000     0.367198     0.017986       151102 
    3.300  4852.000000     0.555949     0.027915       151999 
    3.400  5345.000000     0.823995     0.042638       149798 
    3.500  4744.000000     0.771962     0.038667       150341 
    3.600  5042.000000     0.778680     0.038786       148628 
    3.700  4658.000000     0.609097     0.030506       148390 
    3.800  4743.000000     0.139258     0.006945       149125 
    3.900  4748.000000     0.490738     0.023802       146301 
    4.000  5275.000000     0.635019     0.031741       148118 
    4.100  4635.000000     0.629404     0.031084       147228 
    4.200  5203.000000     0.513514     0.025562       147721 
    4.300  4467.000000     0.554344     0.028134       147367 
    4.400  4536.000000     0.596027     0.029900       146390 
    4.500  5149.000000     0.403172     0.020195       144325 
    4.600  5135.000000     0.353129     0.017793       146009 
    4.700  5191.000000     0.650770     0.032424       144529 
    4.800  4528.000000     0.396392     0.020014       144724 
    4.900  4803.000000     0.041872     0.002086       145185 
    5.000  5300.000000     0.399906     0.019815       143945 
    5.100  5298.000000     0.396008     0.020373       144303 
    5.200  5461.000000     0.463344     0.023404       146771 
    5.300  4887.000000     0.550481     0.027803       145818 
    5.400  4583.000000     0.093326     0.004616       144072 
    5.500  4721.000000     0.523611     0.026609       145272 
    5.600  4354.000000     0.475518     0.024211       146430 
    5.700  4800.000000     0.639413     0.032428       142879 
    5.800  4889.000000     0.400114     0.020091       142937 
    5.900  4433.000000     0.287287     0.014352       141265 
    6.000  4938.000000     0.562602     0.028316       142073 
    6.100  4448.000000     0.595262     0.029992       141606 
    6.200  4402.000000     0.362451     0.018219       138543 
    6.300  4691.000000     0.434889     0.021818       137863 
    6.400  4468.000000     0.472289     0.023407       139535 
    6.500  4740.000000     0.138997     0.006857       139000 
    6.600  4316.000000    -0.270842    -0.013422       140565 
    6.700  4445.000000     0.172700     0.008419       140652 
    6.800  4867.000000     0.369479     0.018088       138712 
    6.900  4988.000000     0.273472     0.013610       138732 
    7.000  4528.000000     0.273676     0.013710       139394 
    7.100  4517.000000     0.343727     0.017509       138920 
    7.200  4565.000000     0.466843     0.023628       138354 
    7.300  4582.000000     0.477549     0.024078       138563 
    7.400  5003.000000     0.431021     0.021413       136926 
    7.500  4931.000000     0.376125     0.018479       136787 
    7.600  4567.000000     0.378241     0.018754       135902 
    7.700  4449.000000     0.449062     0.023154       135449 
    7.800  4770.000000     0.587229     0.029747       136156 
    7.900  4486.000000     0.436271     0.022739       138211 
    8.000  4905.000000     0.586450     0.030558       137978 
    8.100  4639.000000     0.179225     0.008971       136949 
    8.200  4825.000000     0.201760     0.010093       137347 
    8.300  4395.000000     0.503122     0.025110       136144 
    8.400  4507.000000     0.310691     0.015277       133100 
    8.500  4175.000000     0.066700     0.003418       133678 
    8.600  4332.000000     0.098911     0.004989       134150 
    8.700  4242.000000     0.186252     0.009119       133252 
    8.800  4358.000000     0.452241     0.023062       133317 
    8.900  3985.000000     0.170730     0.008693       132770 
    9.000  4117.000000     0.212183     0.010566       132890 
    9.100  4604.000000     0.258934     0.012862       132796 
    9.200  4539.000000     0.566572     0.028103       133293 
    9.300  4676.000000     0.071418     0.003554       135151 
    9.400  4538.000000     0.365835     0.018131       132221 
    9.500  4419.000000     0.100590     0.005141       132510 
    9.600  4649.000000     0.494313     0.025340       129452 
    9.700  4537.000000     0.399052     0.019756       129698 
    9.800  4312.000000     0.205619     0.010069       128758 
    9.900  4067.000000     0.307163     0.014824       128023 
   10.000  4202.000000     0.236442     0.011888       128380 
   10.100  4473.000000     0.489008     0.024972       130529 
   10.200  4386.000000     0.083521     0.004223       130085 
   10.300  4521.000000     0.238538     0.012057       129308 
   10.400  4356.000000     0.244195     0.012495       129669 
   10.500  4235.000000     0.198670     0.010293       128374 
   10.600  3795.000000     0.179449     0.009218       127634 
   10.700  3861.000000     0.587992     0.029477       127969 
   10.800  3474.000000     0.379369     0.019212       126653 
   10.900  4160.000000     0.324793     0.016389       127577 
   11.000  3736.000000     0.593464     0.030596       124884 
   11.100  3896.000000     0.355998     0.017745       127025 
   11.200  3719.000000    -0.071276    -0.003566       126694 
   11.300  3732.000000     0.152415     0.007581       127931 
   11.400  3915.000000     0.382357     0.019608       127988 
   11.500  3783.000000     0.239583     0.012055       124310 
   11.600  4129.000000     0.309681     0.015372       124132 
   11.700  4059.000000     0.131503     0.006541       123446 
   11.800  4191.000000     0.390988     0.019440       124187 
   11.900  4276.000000     0.377016     0.019227       122020 
   12.000  4111.000000     0.272505     0.013910       124252 
   12.100  3824.000000     0.080556     0.004174       126298 
   12.200  3799.000000    -0.017162    -0.000862       125466 
   12.300  3702.000000     0.499163     0.025259       124281 
   12.400  4132.000000     0.174517     0.008556       124051 
   12.500  4118.000000     0.216528     0.010713       122781 
   12.600  3972.000000     0.524562     0.026044       122866 
   12.700  3851.000000     0.080390     0.004064       120896 
   12.800  3869.000000    -0.162849    -0.008203       121941 
   12.900  3836.000000     0.463344     0.023627       120974 
   13.000  3368.000000     0.654058     0.033099       125108 
   13.100  3189.000000     0.419993     0.020688       124502 
   13.200  3486.000000     0.272937     0.013538       121682 
   13.300  3394.000000     0.156092     0.007701       120048 
   13.400  3459.000000    -0.107408    -0.005286       121675 
   13.500  3848.000000     0.040631     0.002054       121742 
   13.600  3783.000000     0.253115     0.012611       121230 
   13.700  3540.000000     0.533219     0.026724       122909 
   13.800  3598.000000     0.374644     0.019084       122230 
   13.900  3192.000000     0.360391     0.017759       121250 
   14.000  3716.000000     0.279084     0.013775       121069 
   14.100  3643.000000     0.455217     0.023050       120903 
   14.200  3900.000000     0.269513     0.013536       121722 
   14.300  3837.000000     0.232185     0.011777       122378 
   14.400  3619.000000     0.439968     0.021325       122522 
   14.500  3628.000000     0.318420     0.016042       124253 
   14.600  3613.000000     0.191572     0.009774       122739 
   14.700  3645.000000     0.039622     0.002003       121905 
   14.800  3713.000000     0.181487     0.009127       121197 
   14.900  3421.000000     0.342615     0.017299       120700 
   15.000  3619.000000     0.321585     0.016325       121073 
   15.100  3805.000000     0.422214     0.021566       120836 
   15.200  3596.000000     0.365385     0.018160       119804 
   15.300  3450.000000     0.582714     0.028791       117460 
   15.400  3408.000000     0.250292     0.012235       119354 
   15.500  3503.000000    -0.042755    -0.002116       119260 
   15.600  3481.000000     0.201226     0.010175       118739 
   15.700  3311.000000     0.409293     0.020569       119830 
   15.800  3307.000000     0.100065     0.005002       118224 
   15.900  3165.000000    -0.071921    -0.003519       118730 
   16.000  3145.000000    -0.085757    -0.004259       118682 
   16.100  3428.000000     0.049388     0.002463       116851 
   16.200  3217.000000     0.405752     0.020390       118582 
   16.300  3334.000000     0.098129     0.004859       118858 
   16.400  3674.000000     0.205098     0.010399       116069 
   16.500  3488.000000    -0.190842    -0.009483       116916 
   16.600  3505.000000     0.036506     0.001812       115628 
   16.700  3556.000000     0.307711     0.015331       116570 
   16.800  3208.000000     0.031032     0.001562       116124 
   16.900  3532.000000    -0.139497    -0.007175       116109 
   17.000  2920.000000     0.047784     0.002468       115131 
   17.100  3013.000000     0.104160     0.005390       116225 
   17.200  3051.000000     0.148334     0.007752       114443 
   17.300  3323.000000    -0.058451    -0.003034       113419 
   17.400  3414.000000    -0.190984    -0.009683       114775 
   17.500  3618.000000     0.148605     0.007787       115935 
   17.600  3264.000000     0.456936     0.024266       114488 
   17.700  3024.000000     0.002313     0.000119       112213 
   17.800  2966.000000    -0.001283    -0.000067       112397 
   17.900  3104.000000    -0.063197    -0.003187       112696 
   18.000  3021.000000     0.261669     0.013208       114029 
   18.100  2882.000000    -0.128416    -0.006334       112686 
   18.200  3388.000000    -0.095802    -0.004816       113815 
   18.300  2876.000000     0.327653     0.016275       112494 
   18.400  3307.000000     0.154087     0.007752       113838 
   18.500  3383.000000     0.350181     0.017304       114494 
   18.600  3012.000000     0.018081     0.000904       116005 
   18.700  3144.000000     0.065134     0.003260       112944 
   18.800  3223.000000     0.450738     0.022620       112710 
   18.900  2752.000000     0.390872     0.019472       115873 
   19.000  2987.000000     0.527519     0.026402       114778 
   19.100  3333.000000     0.376099     0.018286       114686 
   19.200  3578.000000     0.312754     0.015522       112876 
   19.300  3443.000000     0.573880     0.028535       112753 
   19.400  3134.000000     0.489307     0.025219       114183 
   19.500  3072.000000     0.348761     0.017847       113693 
   19.600  3240.000000     0.358309     0.017589       112367 
   19.700  3570.000000     0.877660     0.042686       113349 
   19.800  3260.000000     0.115220     0.005810       112689 
   19.900  3394.000000     0.235586     0.011832       114050 
   20.000  3276.000000     0.092010     0.004701       114278 
   20.100  3114.000000    -0.113268    -0.005822       111945 
   20.200  2901.000000    -0.261346    -0.012949       110314 
   20.300  2890.000000     0.109222     0.005465       110994 
   20.400  2501.000000     0.103264     0.005199       111527 
   20.500  2829.000000     0.168264     0.008668       111987 
   20.600  2777.000000     0.195691     0.010011       111609 
   20.700  2663.000000     0.106467     0.005401       111334 
   20.800  2819.000000     0.201523     0.010066       111286 
   20.900  2836.000000     0.108753     0.005596       109942 
   21.000  2893.000000     0.078523     0.004035       112108 
   21.100  2865.000000    -0.058698    -0.002884       110532 
   21.200  2896.000000    -0.177506    -0.008757       110848 
   21.300  2827.000000     0.027936     0.001339       110634 
   21.400  2924.000000     0.183621     0.009011       111942 
   21.500  3308.000000     0.180368     0.008861       109129 
   21.600  2935.000000     0.133717     0.006624       109100 
   21.700  3129.000000     0.199265     0.009897       109715 
   21.800  3325.000000     0.375198     0.018655       108830 
   21.900  3026.000000     0.541177     0.026784       108805 
   22.000  2970.000000     0.291220     0.014323       108212 
   22.100  2891.000000     0.001970     0.000099       108303 
   22.200  2723.000000    -0.032196    -0.001610       108203 
   22.300  2787.000000     0.237735     0.011854       108947 
   22.400  2740.000000     0.208212     0.010510       109492 
   22.500  2670.000000     0.471194     0.023806       107033 
   22.600  2854.000000     0.154628     0.007753       106906 
   22.700  2394.000000    -0.119860    -0.005976       109393 
   22.800  2442.000000    -0.115920    -0.005825       108397 
   22.900  2603.000000     0.003892     0.000194       109272 
   23.000  2642.000000     0.323415     0.016234       108395 
   23.100  2824.000000     0.248160     0.012286       107763 
   23.200  2777.000000     0.476090     0.023337       107122 
   23.300  3106.000000     0.101855     0.005049       106776 
   23.400  2393.000000    -0.287145    -0.014014       108753 
   23.500  2640.000000    -0.124156    -0.006055       109228 
   23.600  3332.000000     0.295651     0.014189       108229 
   23.700  2974.000000     0.382102     0.018868       108573 
   23.800  2986.000000    -0.017503    -0.000869       106391 
   23.900  2744.000000     0.085921     0.004268       103908 
   24.000  2644.000000     0.195200     0.009448       103404 
   24.100  2750.000000     0.059368     0.002823       103553 
   24.200  3271.000000    -0.007220    -0.000349       104164 
   24.300  3217.000000     0.300567     0.014681       106667 
   24.400  3393.000000    -0.056567    -0.002857       107011 
   24.500  3128.000000     0.055245     0.002744       106983 
   24.600  3017.000000     0.371902     0.018563       105663 
   24.700  2794.000000     0.556869     0.028260       104934 
   24.800  2904.000000     0.177195     0.008928       104136 
   24.900  2717.000000     0.202741     0.010218       103198 
   25.000  2899.000000     0.126878     0.006292       105370 
   25.100  2825.000000     0.301852     0.015046       104487 
   25.200  2681.000000     0.471345     0.023302       106013 
   25.300  2441.000000     0.328191     0.016273       104476 
   25.400  2602.000000     0.035560     0.001774       104754 
   25.500  2802.000000    -0.084584    -0.004235       104640 
   25.600  2650.000000     0.346054     0.017508       103699 
   25.700  2738.000000    -0.033835    -0.001743       104127 
   25.800  2514.000000    -0.215391    -0.010854       104480 
   25.900  2806.000000     0.199624     0.010138       103653 
   26.000  2678.000000     0.502134     0.024438       106166 
   26.100  2706.000000     0.128310     0.006302       104686 
   26.200  2677.000000     0.066805     0.003219       105606 
   26.300  2468.000000     0.474622     0.023563       105648 
   26.400  2685.000000     0.145524     0.007366       103318 
   26.500  2717.000000     0.355174     0.017868       103589 
   26.600  2699.000000     0.053509     0.002628       104546 
   26.700  2686.000000     0.081941     0.004007       102443 
   26.800  2686.000000    -0.216847    -0.010733       104365 
   26.900  2891.000000    -0.187265    -0.009297       104490 
   27.000  2627.000000     0.039674     0.001957       101505 
   27.100  2528.000000    -0.197811    -0.009868       101806 
   27.200  2780.000000     0.109763     0.005492       102796 
   27.300  2458.000000     0.272975     0.013327       101072 
   27.400  2660.000000    -0.063753    -0.003151       101548 
   27.500  2873.000000     0.100397     0.005024        99844 
   27.600  2746.000000     0.032099     0.001635       100958 
   27.700  2977.000000     0.228893     0.011293       102471 
   27.800  2546.000000    -0.256668    -0.012772       102986 
   27.900  2594.000000     0.086704     0.004229       101050 
   28.000  2096.000000     0.214668     0.010642        98841 
   28.100  2243.000000    -0.117585    -0.005914        98558 
   28.200  2443.000000     0.046718     0.002392        98831 
   28.300  2638.000000    -0.033902    -0.001733        98488 
   28.400  2609.000000    -0.187737    -0.009423        98259 
   28.500  2285.000000    -0.024978    -0.001249        97939 
   28.600  2322.000000     0.264568     0.013076        99530 
   28.700  2290.000000    -0.007508    -0.000369        98561 
   28.800  2723.000000     0.015331     0.000753        99613 
   28.900  2557.000000     0.121096     0.005871       100615 
   29.000  2642.000000    -0.142407    -0.006969        99341 
   29.100  2660.000000    -0.255430    -0.012511        98975 
   29.200  2704.000000    -0.067398    -0.003338        99738 
   29.300  2763.000000    -0.126703    -0.006316       101073 
   29.400  2713.000000    -0.072571    -0.003525        98950 
   29.500  2605.000000    -0.286096    -0.013838        98786 
   29.600  2924.000000    -0.253472    -0.012071        99235 
   29.700  2558.000000    -0.328943    -0.016069       100200 
   29.800  2599.000000    -0.175642    -0.008402        97496 
   29.900  2761.000000    -0.527733    -0.026948        97619 
   30.000  2922.000000     0.112564     0.005594       100779 
   30.100  2699.000000     0.231062     0.011510        99246 
   30.200  2556.000000     0.224753     0.011052       100498 
   30.300  2390.000000    -0.446444    -0.022429        99237 
   30.400  2490.000000    -0.009144    -0.000455       100656 
   30.500  2375.000000     0.168134     0.008132       101992 
   30.600  2383.000000     0.231042     0.011434        98701 
   30.700  2248.000000     0.323095     0.016102        98165 
   30.800  2396.000000    -0.180351    -0.008498        97548 
   30.900  2687.000000    -0.128256    -0.006226        98743 
   31.000  2652.000000    -0.120875    -0.006049        97557 
   31.100  2795.000000     0.528363     0.026725        95320 
   31.200  2328.000000     0.528097     0.025967        97980 
   31.300  2376.000000     0.418694     0.020957        95775 
   31.400  2424.000000     0.413205     0.020849        97332 
   31.500  2545.000000     0.185430     0.009468        96717 
   31.600  2546.000000    -0.171808    -0.008473        96281 
   31.700  2524.000000     0.022908     0.001121        95893 
   31.800  2462.000000     0.023271     0.001140        95034 
   31.900  2449.000000     0.259495     0.012642        95230 
   32.000  2399.000000     0.231496     0.011470        96153 
   32.100  2380.000000     0.101218     0.005034        94483 
   32.200  2422.000000     0.378680     0.018586        95946 
   32.300  2618.000000     0.391991     0.019633        93996 
   32.400  2597.000000     0.232093     0.011472        94239 
   32.500  2309.000000    -0.069010    -0.003501        93538 
   32.600  2234.000000     0.238479     0.012086        94355 
   32.700  2149.000000     0.136397     0.006817        94280 
   32.800  2491.000000     0.032414     0.001587        94300 
   32.900  2156.000000     0.080958     0.003991        94331 
   33.000  2007.000000    -0.206450    -0.010258        94426 
   33.100  1952.000000     0.054205     0.002674        94452 
   33.200  2234.000000     0.405407     0.020174        94452 
   33.300  2428.000000    -0.120918    -0.006076        94005 
   33.400  2526.000000     0.005315     0.000268        93964 
   33.500  2503.000000    -0.151861    -0.007606        93613 
   33.600  2675.000000    -0.253867    -0.012798        94558 
   33.700  2593.000000    -0.243917    -0.011901        94617 
   33.800  2656.000000     0.433955     0.020904        95863 
   33.900  2777.000000     0.064578     0.003122        96069 
   34.000  2679.000000     0.077033     0.003673        93287 
   34.100  2720.000000    -0.046716    -0.002261        93370 
   34.200  2797.000000    -0.134616    -0.006686        93204 
   34.300  2517.000000     0.028911     0.001445        92845 
   34.400  2281.000000     0.024482     0.001188        93980 
   34.500  2441.000000     0.090950     0.004478        93011 
   34.600  2326.000000     0.522965     0.025568        92378 
   34.700  2718.000000     0.326513     0.016203        93473 
   34.800  2744.000000    -0.143356    -0.007197        93395 
   34.900  2660.000000    -0.048140    -0.002460        90890 
   35.000  2712.000000     0.132159     0.006780        90609 
   35.100  2291.000000    -0.012827    -0.000629        91904 
   35.200  2572.000000    -0.248033    -0.012242        91403 
   35.300  2359.000000    -0.166219    -0.008496        90356 
   35.400  2332.000000    -0.360656    -0.017970        89967 
   35.500  2543.000000     0.118759     0.005904        91979 
   35.600  2393.000000     0.330262     0.016525        92864 
   35.700  2598.000000    -0.138127    -0.006813        91887 
   35.800  2493.000000    -0.348208    -0.017354        91191 
   35.900  2590.000000    -0.316874    -0.016196        92916 
   36.000  2712.000000    -0.122684    -0.006165        92443 
   36.100  2619.000000     0.029810     0.001491        92114 
   36.200  2361.000000    -0.182018    -0.009353        89921 
   36.300  2475.000000    -0.289355    -0.014612        90591 
   36.400  2312.000000     0.037801     0.001871        91072 
   36.500  2635.000000     0.178933     0.009176        90207 
   36.600  2430.000000    -0.430010    -0.021818        88334 
   36.700  2312.000000    -0.151521    -0.007357        89195 
   36.800  2350.000000     0.052455     0.002583        89960 
   36.900  2273.000000     0.260033     0.012979        90850 
   37.000  2539.000000     0.264698     0.013010        91669 
   37.100  2310.000000     0.571371     0.028095        90349 
   37.200  2388.000000     0.202714     0.010017        91990 
   37.300  2320.000000    -0.117279    -0.005716        91755 
   37.400  2226.000000     0.328893     0.015959        91680 
   37.500  2310.000000     0.164456     0.008042        90745 
   37.600  2158.000000     0.288551     0.014517        90913 
   37.700  2102.000000    -0.044052    -0.002218        90723 
   37.800  2457.000000     0.154132     0.007671        91192 
   37.900  2227.000000     0.023483     0.001223        92397 
   38.000  2235.000000    -0.032062    -0.001625        91612 
   38.100  2084.000000    -0.191221    -0.009586        89221 
   38.200  2312.000000     0.176762     0.009154        90594 
   38.300  2436.000000     0.039694     0.002049        91573 
   38.400  2547.000000    -0.201846    -0.010025        88732 
   38.500  2396.000000     0.138183     0.007242        87928 
   38.600  2551.000000    -0.123773    -0.006276        86744 
   38.700  2356.000000     0.062460     0.003100        87096 
   38.800  2427.000000     0.261236     0.012637        88643 
   38.900  2255.000000     0.550950     0.026889        88684 
   39.000  2418.000000     0.277354     0.013508        88157 
   39.100  2486.000000     0.119220     0.005916        87241 
   39.200  2463.000000     0.008156     0.000409        87588 
   39.300  2451.000000     0.294025     0.014463        88231 
   39.400  2411.000000     0.510640     0.025340        87002 
   39.500  2132.000000     0.155337     0.007620        87410 
   39.600  2202.000000    -0.265548    -0.013642        87360 
   39.700  2241.000000     0.258802     0.013005        90112 
   39.800  2101.000000     0.094296     0.004657        88681 
   39.900  2145.000000    -0.124302    -0.006264        88454 
   40.000  2128.000000     0.031258     0.001550        88099 
