## Jackknife output: chrom 22
    0.100  2198.000000     4.762302     0.227316       113897 
    0.200  2902.000000     3.040585     0.151204       164323 
    0.300  2631.000000     2.347343     0.119499       170293 
    0.400  2763.000000     2.114718     0.103894       168765 
    0.500  2772.000000     2.012928     0.100681       168979 
    0.600  3023.000000     1.774757     0.088841       169169 
    0.700  2710.000000     1.602397     0.080014       165629 
    0.800  2350.000000     1.759390     0.086549       165917 
    0.900  2537.000000     1.400558     0.068540       167874 
    1.000  2502.000000     1.259828     0.061522       167315 
    1.100  2514.000000     1.251041     0.061558       165531 
    1.200  2608.000000     1.264032     0.061172       166816 
    1.300  2523.000000     1.370639     0.066070       165282 
    1.400  2556.000000     1.335691     0.065977       162939 
    1.500  2206.000000     1.374022     0.068104       160811 
    1.600  2194.000000     1.085564     0.054988       160095 
    1.700  2763.000000     0.964274     0.049803       159847 
    1.800  2513.000000     0.966055     0.048292       161685 
    1.900  2568.000000     0.816924     0.040225       160645 
    2.000  2560.000000     0.809922     0.039813       159131 
    2.100  2370.000000     0.765498     0.037418       161599 
    2.200  2079.000000     0.615555     0.029961       159494 
    2.300  2261.000000     0.831749     0.041475       159255 
    2.400  2219.000000     0.707473     0.035583       159342 
    2.500  1943.000000     0.706032     0.035408       155361 
    2.600  1993.000000     0.696475     0.035877       153175 
    2.700  1854.000000     0.717897     0.037020       154385 
    2.800  1993.000000     0.844922     0.042785       153517 
    2.900  2072.000000     0.832139     0.041563       151975 
    3.000  2136.000000     0.547684     0.026709       155509 
    3.100  1925.000000     0.558168     0.027441       153525 
    3.200  1828.000000     0.400914     0.019520       154244 
    3.300  2003.000000     0.604841     0.030137       154848 
    3.400  2070.000000     0.840026     0.043252       153073 
    3.500  2122.000000     0.780368     0.038961       152963 
    3.600  1924.000000     0.767879     0.038140       151746 
    3.700  1984.000000     0.591925     0.029481       151064 
    3.800  2459.000000     0.130314     0.006448       151409 
    3.900  2506.000000     0.459680     0.022224       148543 
    4.000  2504.000000     0.658328     0.032808       150889 
    4.100  2208.000000     0.578663     0.028727       149655 
    4.200  2092.000000     0.513690     0.025671       150832 
    4.300  2425.000000     0.494584     0.025158       149409 
    4.400  1964.000000     0.536505     0.027034       148962 
    4.500  2009.000000     0.375929     0.018730       147465 
    4.600  2131.000000     0.460307     0.022944       149013 
    4.700  2236.000000     0.631003     0.031222       147484 
    4.800  2300.000000     0.376389     0.018889       146952 
    4.900  2063.000000    -0.006581    -0.000327       147925 
    5.000  2014.000000     0.268210     0.013219       147231 
    5.100  2298.000000     0.420618     0.021475       147303 
    5.200  2252.000000     0.440631     0.022171       149980 
    5.300  2404.000000     0.503012     0.025212       148301 
    5.400  2328.000000     0.213167     0.010450       146327 
    5.500  2008.000000     0.474217     0.024056       147985 
    5.600  2067.000000     0.429899     0.021827       148717 
    5.700  2251.000000     0.609324     0.030708       145428 
    5.800  2331.000000     0.385435     0.019208       145495 
    5.900  2545.000000     0.257681     0.012838       143153 
    6.000  1971.000000     0.510501     0.025620       145040 
    6.100  1922.000000     0.587915     0.029417       144132 
    6.200  1693.000000     0.425751     0.021381       141252 
    6.300  1812.000000     0.418189     0.020984       140742 
    6.400  1930.000000     0.423610     0.020934       142073 
    6.500  1792.000000     0.143992     0.007077       141948 
    6.600  1756.000000    -0.279784    -0.013858       143125 
    6.700  1712.000000     0.150263     0.007312       143385 
    6.800  1742.000000     0.383838     0.018738       141837 
    6.900  1731.000000     0.334226     0.016550       141989 
    7.000  1942.000000     0.282724     0.014065       141980 
    7.100  2062.000000     0.357859     0.018034       141375 
    7.200  1928.000000     0.466534     0.023397       140991 
    7.300  1839.000000     0.504787     0.025142       141306 
    7.400  1720.000000     0.450378     0.022200       140209 
    7.500  1958.000000     0.386665     0.018911       139760 
    7.600  2027.000000     0.354332     0.017583       138442 
    7.700  2225.000000     0.401329     0.020629       137673 
    7.800  1986.000000     0.570174     0.028680       138940 
    7.900  1784.000000     0.483259     0.024971       140913 
    8.000  1992.000000     0.642537     0.033175       140891 
    8.100  2157.000000     0.206311     0.010202       139431 
    8.200  1913.000000     0.265758     0.013182       140259 
    8.300  1707.000000     0.538799     0.026724       138832 
    8.400  1575.000000     0.389770     0.019088       136032 
    8.500  1768.000000     0.106466     0.005412       136085 
    8.600  1753.000000     0.126794     0.006335       136729 
    8.700  1904.000000     0.181796     0.008877       135590 
    8.800  1893.000000     0.552079     0.028008       135782 
    8.900  1758.000000     0.205468     0.010384       134997 
    9.000  1842.000000     0.290768     0.014420       135165 
    9.100  1964.000000     0.403674     0.019794       135436 
    9.200  1825.000000     0.618939     0.030453       136007 
    9.300  2015.000000     0.239049     0.011849       137812 
    9.400  1952.000000     0.403201     0.019915       134807 
    9.500  1874.000000     0.102541     0.005235       135055 
    9.600  2011.000000     0.479493     0.024480       132090 
    9.700  2113.000000     0.404702     0.019961       132122 
    9.800  2338.000000     0.239723     0.011667       130732 
    9.900  2073.000000     0.298118     0.014390       130017 
   10.000  2178.000000     0.227485     0.011482       130404 
   10.100  2257.000000     0.555208     0.028347       132745 
   10.200  1597.000000     0.118098     0.005950       132874 
   10.300  1960.000000     0.273046     0.013747       131869 
   10.400  1954.000000     0.254399     0.012916       132071 
   10.500  1812.000000     0.206565     0.010689       130797 
   10.600  1868.000000     0.225874     0.011554       129561 
   10.700  1817.000000     0.527131     0.026326       130013 
   10.800  1714.000000     0.366241     0.018517       128413 
   10.900  1938.000000     0.381892     0.019110       129799 
   11.000  2117.000000     0.637849     0.032601       126503 
   11.100  1892.000000     0.283992     0.014075       129029 
   11.200  1746.000000     0.024876     0.001241       128667 
   11.300  1688.000000     0.183281     0.009111       129975 
   11.400  1716.000000     0.386795     0.019774       130187 
   11.500  1798.000000     0.255941     0.012836       126295 
   11.600  1780.000000     0.362270     0.017918       126481 
   11.700  1647.000000     0.121717     0.006039       125858 
   11.800  1754.000000     0.414467     0.020540       126624 
   11.900  1619.000000     0.380648     0.019304       124677 
   12.000  1803.000000     0.255006     0.012945       126560 
   12.100  1506.000000     0.072170     0.003727       128616 
   12.200  1449.000000     0.006568     0.000329       127816 
   12.300  1685.000000     0.573842     0.028970       126298 
   12.400  1577.000000     0.241619     0.011785       126606 
   12.500  1467.000000     0.188505     0.009274       125432 
   12.600  1497.000000     0.475359     0.023400       125341 
   12.700  1653.000000     0.121118     0.006092       123094 
   12.800  1710.000000    -0.149389    -0.007514       124100 
   12.900  1807.000000     0.465155     0.023694       123003 
   13.000  1739.000000     0.671828     0.033772       126737 
   13.100  1427.000000     0.411185     0.020221       126264 
   13.200  1622.000000     0.247059     0.012223       123546 
   13.300  1550.000000     0.124187     0.006132       121892 
   13.400  1498.000000    -0.133682    -0.006568       123636 
   13.500  1680.000000    -0.102034    -0.005141       123910 
   13.600  1585.000000     0.146791     0.007313       123428 
   13.700  1433.000000     0.477662     0.023884       125016 
   13.800  1440.000000     0.307482     0.015577       124388 
   13.900  1317.000000     0.371314     0.018159       123125 
   14.000  1295.000000     0.230603     0.011307       123490 
   14.100  1353.000000     0.434278     0.021951       123193 
   14.200  1234.000000     0.222201     0.011149       124388 
   14.300  1219.000000     0.264000     0.013381       124996 
   14.400  1450.000000     0.506937     0.024682       124691 
   14.500  1404.000000     0.305668     0.015415       126477 
   14.600  1477.000000     0.185955     0.009505       124875 
   14.700  1756.000000     0.003549     0.000178       123794 
   14.800  1502.000000     0.143626     0.007216       123408 
   14.900  1463.000000     0.297973     0.015062       122658 
   15.000  1310.000000     0.272404     0.013813       123382 
   15.100  1394.000000     0.362854     0.018496       123247 
   15.200  1660.000000     0.411291     0.020437       121740 
   15.300  1290.000000     0.570589     0.028329       119620 
   15.400  1339.000000     0.235661     0.011518       121423 
   15.500  1284.000000    -0.098225    -0.004877       121479 
   15.600  1240.000000     0.207155     0.010528       120980 
   15.700  1353.000000     0.394717     0.019793       121788 
   15.800  1479.000000     0.133824     0.006674       120052 
   15.900  1280.000000    -0.074777    -0.003655       120615 
   16.000  1227.000000    -0.050784    -0.002518       120600 
   16.100  1310.000000     0.000221     0.000011       118969 
   16.200  1257.000000     0.372668     0.018685       120542 
   16.300  1548.000000     0.041365     0.002042       120644 
   16.400  1393.000000     0.254577     0.012821       118350 
   16.500  1416.000000    -0.205573    -0.010167       118988 
   16.600  1331.000000     0.005520     0.000273       117802 
   16.700  1369.000000     0.256920     0.012736       118757 
   16.800  1435.000000     0.033070     0.001661       117897 
   16.900  1235.000000    -0.163346    -0.008382       118406 
   17.000  1333.000000     0.077744     0.004006       116718 
   17.100  1347.000000     0.225946     0.011670       117891 
   17.200  1290.000000     0.188876     0.009864       116204 
   17.300  1252.000000    -0.003460    -0.000179       115490 
   17.400  1432.000000    -0.109304    -0.005534       116757 
   17.500  1362.000000     0.186112     0.009693       118191 
   17.600  1425.000000     0.460318     0.024357       116327 
   17.700  1410.000000     0.041570     0.002141       113827 
   17.800  1237.000000     0.023695     0.001242       114126 
   17.900  1170.000000    -0.035494    -0.001783       114630 
   18.000  1305.000000     0.239413     0.012066       115745 
   18.100  1222.000000    -0.192012    -0.009481       114346 
   18.200  1013.000000    -0.205513    -0.010279       116190 
   18.300   998.000000     0.216355     0.010721       114372 
   18.400  1162.000000     0.103009     0.005164       115983 
   18.500  1141.000000     0.391287     0.019299       116736 
   18.600  1116.000000     0.036599     0.001827       117901 
   18.700  1301.000000     0.086739     0.004323       114787 
   18.800  1210.000000     0.477496     0.023887       114723 
   18.900  1145.000000     0.390703     0.019418       117480 
   19.000  1016.000000     0.571992     0.028526       116749 
   19.100   963.000000     0.340228     0.016486       117056 
   19.200   857.000000     0.318936     0.015792       115597 
   19.300   842.000000     0.548936     0.027285       115354 
   19.400  1143.000000     0.509306     0.026206       116174 
   19.500   865.000000     0.345507     0.017666       115900 
   19.600   853.000000     0.356105     0.017553       114754 
   19.700  1084.000000     0.890778     0.043264       115835 
   19.800   949.000000     0.091333     0.004609       115000 
   19.900   959.000000     0.241962     0.012159       116485 
   20.000  1022.000000     0.062921     0.003219       116532 
   20.100   905.000000    -0.068500    -0.003507       114154 
   20.200   905.000000    -0.255218    -0.012638       112310 
   20.300   946.000000     0.146680     0.007336       112938 
   20.400  1002.000000     0.122970     0.006179       113026 
   20.500  1099.000000     0.207934     0.010711       113717 
   20.600   958.000000     0.214219     0.010948       113428 
   20.700   908.000000     0.150397     0.007633       113089 
   20.800   996.000000     0.190864     0.009513       113109 
   20.900   897.000000     0.115842     0.005951       111881 
   21.000   877.000000     0.082757     0.004249       114124 
   21.100   913.000000    -0.029626    -0.001453       112484 
   21.200   858.000000    -0.158842    -0.007802       112886 
   21.300   924.000000     0.048385     0.002311       112537 
   21.400   938.000000     0.177248     0.008660       113928 
   21.500   967.000000     0.141651     0.006948       111470 
   21.600  1078.000000     0.154809     0.007688       110957 
   21.700  1135.000000     0.222857     0.011025       111709 
   21.800  1043.000000     0.430869     0.021437       111112 
   21.900   895.000000     0.528389     0.026057       110936 
   22.000   857.000000     0.270426     0.013208       110325 
   22.100   914.000000     0.007322     0.000366       110280 
   22.200  1007.000000    -0.012205    -0.000610       109919 
   22.300   949.000000     0.287243     0.014360       110785 
   22.400  1009.000000     0.207651     0.010495       111223 
   22.500   954.000000     0.477704     0.024077       108749 
   22.600  1001.000000     0.181308     0.009053       108759 
   22.700   874.000000    -0.113092    -0.005630       110913 
   22.800   887.000000    -0.126867    -0.006363       109952 
   22.900   964.000000     0.012149     0.000605       110911 
   23.000   836.000000     0.296707     0.014875       110201 
   23.100   693.000000     0.249363     0.012310       109894 
   23.200   746.000000     0.466907     0.022819       109153 
   23.300   719.000000     0.113410     0.005599       109163 
   23.400   864.000000    -0.210325    -0.010231       110282 
   23.500   919.000000    -0.063351    -0.003084       110949 
   23.600   808.000000     0.337274     0.016182       110753 
   23.700   697.000000     0.402810     0.019948       110850 
   23.800   619.000000    -0.057425    -0.002859       108758 
   23.900   631.000000     0.096216     0.004806       106021 
   24.000   598.000000     0.182086     0.008845       105450 
   24.100   534.000000     0.046305     0.002211       105769 
   24.200   549.000000    -0.024991    -0.001211       106886 
   24.300   621.000000     0.243441     0.011911       109263 
   24.400   685.000000    -0.071631    -0.003613       109719 
   24.500   685.000000    -0.010100    -0.000502       109426 
   24.600   616.000000     0.347546     0.017367       108064 
   24.700   617.000000     0.568243     0.028940       107111 
   24.800   446.000000     0.145242     0.007313       106594 
   24.900   490.000000     0.147812     0.007442       105425 
   25.000   578.000000     0.139262     0.006910       107691 
   25.100   488.000000     0.308981     0.015346       106824 
   25.200   588.000000     0.496052     0.024506       108106 
   25.300   469.000000     0.365888     0.018131       106448 
   25.400   510.000000     0.084645     0.004217       106846 
   25.500   738.000000    -0.063478    -0.003189       106704 
   25.600   735.000000     0.303975     0.015400       105614 
   25.700   623.000000    -0.031970    -0.001648       106242 
   25.800   575.000000    -0.208786    -0.010560       106419 
   25.900   555.000000     0.253549     0.012888       105904 
   26.000   580.000000     0.567036     0.027627       108264 
   26.100   611.000000     0.130107     0.006403       106781 
   26.200   565.000000     0.117105     0.005636       107718 
   26.300   654.000000     0.485569     0.023942       107462 
   26.400   728.000000     0.212297     0.010678       105275 
   26.500   568.000000     0.320559     0.016020       105738 
   26.600   574.000000     0.025066     0.001224       106671 
   26.700   560.000000     0.046794     0.002285       104569 
   26.800   582.000000    -0.269521    -0.013257       106469 
   26.900   694.000000    -0.218146    -0.010774       106687 
   27.000   428.000000     0.014671     0.000719       103704 
   27.100   422.000000    -0.201474    -0.010017       103912 
   27.200   548.000000     0.089523     0.004455       105028 
   27.300   757.000000     0.173937     0.008465       102773 
   27.400   833.000000    -0.055425    -0.002753       103375 
   27.500   593.000000     0.111998     0.005607       102124 
   27.600   520.000000     0.065606     0.003348       103184 
   27.700   598.000000     0.243118     0.012021       104850 
   27.800   409.000000    -0.312643    -0.015478       105123 
   27.900   490.000000    -0.014546    -0.000713       103154 
   28.000   437.000000     0.168203     0.008347       100500 
   28.100   405.000000    -0.187237    -0.009417       100396 
   28.200   506.000000    -0.054833    -0.002805       100768 
   28.300   419.000000    -0.077747    -0.003976       100707 
   28.400   426.000000    -0.196055    -0.009818       100442 
   28.500   349.000000    -0.088264    -0.004416        99875 
   28.600   341.000000     0.237862     0.011783       101511 
   28.700   439.000000    -0.051661    -0.002540       100412 
   28.800   349.000000    -0.018642    -0.000917       101987 
   28.900   346.000000     0.159198     0.007753       102826 
   29.000   321.000000    -0.086446    -0.004244       101662 
   29.100   300.000000    -0.240158    -0.011765       101335 
   29.200   285.000000    -0.042885    -0.002123       102157 
   29.300   397.000000    -0.167416    -0.008313       103439 
   29.400   421.000000    -0.110702    -0.005351       101242 
   29.500   310.000000    -0.343713    -0.016633       101081 
   29.600   306.000000    -0.220947    -0.010544       101853 
   29.700   381.000000    -0.320900    -0.015809       102377 
   29.800   422.000000    -0.129557    -0.006288        99673 
   29.900   384.000000    -0.496763    -0.025621        99996 
   30.000   284.000000     0.160575     0.008044       103417 
   30.100   346.000000     0.251309     0.012492       101599 
   30.200   413.000000     0.196838     0.009653       102641 
   30.300   442.000000    -0.492942    -0.024710       101185 
   30.400   356.000000    -0.041288    -0.002050       102790 
   30.500   337.000000     0.146319     0.007062       104030 
   30.600   369.000000     0.218797     0.010804       100715 
   30.700   412.000000     0.270886     0.013492       100001 
   30.800   456.000000    -0.216247    -0.010184        99488 
   30.900   364.000000    -0.146920    -0.007120       101066 
   31.000   314.000000    -0.142778    -0.007100        99895 
   31.100   357.000000     0.521852     0.026230        97758 
   31.200   349.000000     0.475477     0.023336        99959 
   31.300   425.000000     0.354190     0.017659        97726 
   31.400   438.000000     0.346771     0.017537        99318 
   31.500   292.000000     0.130216     0.006683        98970 
   31.600   355.000000    -0.228709    -0.011339        98472 
   31.700   308.000000    -0.122446    -0.006056        98109 
   31.800   341.000000    -0.016645    -0.000818        97155 
   31.900   300.000000     0.202772     0.009877        97379 
   32.000   308.000000     0.231795     0.011454        98244 
   32.100   317.000000     0.113169     0.005599        96546 
   32.200   221.000000     0.351228     0.017191        98147 
   32.300   217.000000     0.382297     0.019153        96397 
   32.400   225.000000     0.230316     0.011345        96611 
   32.500   247.000000    -0.108938    -0.005514        95600 
   32.600   255.000000     0.290777     0.014722        96334 
   32.700   171.000000     0.107980     0.005385        96258 
   32.800   141.000000     0.046628     0.002275        96650 
   32.900   136.000000     0.157142     0.007722        96351 
   33.000   132.000000    -0.113717    -0.005640        96301 
   33.100   155.000000     0.110542     0.005458        96249 
   33.200   190.000000     0.402335     0.020037        96496 
   33.300    94.000000    -0.106356    -0.005345        96339 
   33.400    99.000000     0.026494     0.001333        96391 
   33.500   102.000000    -0.160597    -0.008014        96014 
   33.600    82.000000    -0.286509    -0.014367        97151 
   33.700    59.000000    -0.288016    -0.014009        97151 
   33.800    59.000000     0.348039     0.016823        98460 
   33.900    42.000000    -0.044015    -0.002130        98804 
   34.000    54.000000    -0.033941    -0.001631        95912 
   34.100    67.000000    -0.154037    -0.007503        96023 
   34.200    27.000000    -0.160606    -0.007977        95974 
   34.300    39.000000     0.001241     0.000062        95323 
   34.400     5.000000     0.019869     0.000962        96256 
   34.500     0.000000     0.086652     0.004254        95452 
   34.600     0.000000     0.490160     0.023924        94704 
   34.700     0.000000     0.322459     0.015958        96191 
   34.800     0.000000    -0.179852    -0.009006        96139 
   34.900     0.000000    -0.032922    -0.001679        93550 
   35.000     0.000000     0.134622     0.006900        93321 
   35.100     0.000000    -0.051983    -0.002559        94195 
   35.200     0.000000    -0.248804    -0.012271        93975 
   35.300     0.000000    -0.176954    -0.009015        92715 
   35.400     0.000000    -0.355203    -0.017655        92299 
   35.500     0.000000     0.094666     0.004702        94522 
   35.600     0.000000     0.311758     0.015535        95257 
   35.700     0.000000    -0.118038    -0.005807        94485 
   35.800     0.000000    -0.354479    -0.017668        93684 
   35.900     0.000000    -0.312206    -0.015899        95506 
   36.000     0.000000    -0.163609    -0.008207        95155 
   36.100     0.000000    -0.024864    -0.001239        94733 
   36.200     0.000000    -0.216405    -0.011066        92282 
   36.300     0.000000    -0.324165    -0.016303        93066 
   36.400     0.000000     0.009962     0.000492        93384 
   36.500     0.000000     0.177939     0.009081        92842 
   36.600     0.000000    -0.440234    -0.022259        90764 
   36.700     0.000000    -0.124512    -0.006017        91507 
   36.800     0.000000    -0.047233    -0.002323        92310 
   36.900     0.000000     0.226817     0.011291        93123 
   37.000     0.000000     0.214178     0.010509        94208 
   37.100     0.000000     0.572937     0.028148        92659 
   37.200     0.000000     0.220022     0.010826        94378 
   37.300     0.000000    -0.106365    -0.005182        94075 
   37.400     0.000000     0.346993     0.016807        93906 
   37.500     0.000000     0.152080     0.007421        93055 
   37.600     0.000000     0.254754     0.012839        93071 
   37.700     0.000000    -0.057121    -0.002876        92825 
   37.800     0.000000     0.129014     0.006412        93649 
   37.900     0.000000     0.005737     0.000298        94624 
   38.000     0.000000    -0.005188    -0.000262        93847 
   38.100     0.000000    -0.192341    -0.009600        91305 
   38.200     0.000000     0.182617     0.009426        92906 
   38.300     0.000000     0.021170     0.001089        94009 
   38.400     0.000000    -0.208310    -0.010315        91279 
   38.500     0.000000     0.170802     0.008903        90324 
   38.600     0.000000    -0.122725    -0.006207        89295 
   38.700     0.000000     0.056814     0.002813        89452 
   38.800     0.000000     0.273199     0.013181        91070 
   38.900     0.000000     0.485009     0.023583        90939 
   39.000     0.000000     0.246367     0.011977        90575 
   39.100     0.000000     0.093101     0.004625        89727 
   39.200     0.000000    -0.003118    -0.000157        90051 
   39.300     0.000000     0.245101     0.012091        90682 
   39.400     0.000000     0.450228     0.022319        89413 
   39.500     0.000000     0.126114     0.006186        89542 
   39.600     0.000000    -0.276876    -0.014168        89562 
   39.700     0.000000     0.290730     0.014541        92353 
   39.800     0.000000     0.097612     0.004813        90782 
   39.900     0.000000    -0.080919    -0.004074        90599 
   40.000     0.000000     0.045300     0.002244        90227 
