## Jackknife output: chrom 10
    0.100  7535.000000     4.705171     0.224440       108560 
    0.200 10838.000000     3.007248     0.149720       156387 
    0.300 10299.000000     2.264216     0.114765       162625 
    0.400 10527.000000     2.027656     0.099600       161001 
    0.500 10370.000000     1.983883     0.099064       161381 
    0.600 10452.000000     1.772729     0.088716       161740 
    0.700 10015.000000     1.607619     0.079962       158324 
    0.800 10470.000000     1.703804     0.083347       157797 
    0.900 10564.000000     1.373844     0.067081       159847 
    1.000 10626.000000     1.155875     0.056279       159191 
    1.100 10416.000000     1.188442     0.058444       157629 
    1.200 11385.000000     1.129636     0.054682       158039 
    1.300 10721.000000     1.308772     0.062943       157084 
    1.400 10031.000000     1.297788     0.063975       155464 
    1.500  9533.000000     1.341132     0.066061       153484 
    1.600  9788.000000     1.049931     0.052724       152501 
    1.700 10165.000000     0.992614     0.051037       152445 
    1.800 10010.000000     0.995136     0.049733       154188 
    1.900 10209.000000     0.834700     0.041006       153004 
    2.000 10055.000000     0.773804     0.037956       151636 
    2.100 10881.000000     0.716213     0.034796       153088 
    2.200 10958.000000     0.537487     0.025895       150615 
    2.300 10371.000000     0.715483     0.035162       151145 
    2.400 10036.000000     0.553807     0.027415       151525 
    2.500  9613.000000     0.748497     0.037128       147691 
    2.600  9764.000000     0.709967     0.036126       145404 
    2.700  9931.000000     0.654434     0.033404       146308 
    2.800  9445.000000     0.830151     0.041859       146065 
    2.900  9562.000000     0.796572     0.039730       144485 
    3.000 10534.000000     0.478764     0.023154       147111 
    3.100 10294.000000     0.486531     0.023901       145156 
    3.200 10288.000000     0.224406     0.010946       145784 
    3.300  9930.000000     0.503456     0.025215       146921 
    3.400  9753.000000     0.757066     0.038867       145390 
    3.500  9426.000000     0.800066     0.039691       145659 
    3.600  8745.000000     0.822720     0.040733       144925 
    3.700  9194.000000     0.617768     0.030781       143854 
    3.800  9197.000000     0.194109     0.009648       144671 
    3.900  9192.000000     0.529008     0.025648       141857 
    4.000  9857.000000     0.577743     0.028824       143536 
    4.100  9633.000000     0.585763     0.029016       142230 
    4.200 10236.000000     0.710514     0.035344       142688 
    4.300  9985.000000     0.556439     0.028152       141849 
    4.400  9855.000000     0.421424     0.021123       141071 
    4.500  9626.000000     0.318292     0.015760       139848 
    4.600 10111.000000     0.378317     0.018719       141033 
    4.700  9645.000000     0.661847     0.032626       140075 
    4.800  9686.000000     0.449705     0.022475       139566 
    4.900 10385.000000    -0.014160    -0.000700       139603 
    5.000  9654.000000     0.270087     0.013250       139591 
    5.100  9205.000000     0.309340     0.015825       140396 
    5.200 10188.000000     0.357753     0.017890       142044 
    5.300 10060.000000     0.442800     0.022206       140645 
    5.400  9929.000000     0.056789     0.002806       138726 
    5.500  9531.000000     0.386252     0.019527       140462 
    5.600  9698.000000     0.410143     0.020820       141086 
    5.700  9397.000000     0.582203     0.029287       138282 
    5.800 10045.000000     0.437932     0.021830       137781 
    5.900  9620.000000     0.309279     0.015271       136078 
    6.000  9675.000000     0.435218     0.021745       137336 
    6.100 10139.000000     0.579857     0.028925       135915 
    6.200  9832.000000     0.498513     0.024737       133113 
    6.300  9068.000000     0.526127     0.026204       133486 
    6.400  9388.000000     0.516894     0.025432       134615 
    6.500  9188.000000     0.182418     0.009005       134552 
    6.600  9760.000000    -0.207260    -0.010257       135121 
    6.700  9525.000000     0.122898     0.005943       135572 
    6.800  9236.000000     0.295581     0.014405       134343 
    6.900 10445.000000     0.191412     0.009393       133275 
    7.000  9894.000000     0.151308     0.007537       134028 
    7.100  9908.000000     0.312829     0.015799       133529 
    7.200  9844.000000     0.384746     0.019250       133075 
    7.300  9477.000000     0.453159     0.022655       133668 
    7.400  9537.000000     0.392593     0.019377       132392 
    7.500  9650.000000     0.401946     0.019587       132068 
    7.600  9252.000000     0.374517     0.018422       131217 
    7.700  9603.000000     0.382257     0.019539       130295 
    7.800  9676.000000     0.511849     0.025554       131250 
    7.900  8894.000000     0.503467     0.025997       133803 
    8.000  9313.000000     0.566366     0.029180       133570 
    8.100  9330.000000     0.166218     0.008268       132258 
    8.200  9746.000000     0.243534     0.012147       132426 
    8.300  9651.000000     0.514275     0.025680       130888 
    8.400  9150.000000     0.287833     0.014156       128457 
    8.500  9076.000000    -0.015590    -0.000791       128777 
    8.600  8690.000000     0.096778     0.004867       129792 
    8.700  8995.000000     0.095235     0.004658       128499 
    8.800  9031.000000     0.499764     0.025503       128644 
    8.900  8961.000000     0.126957     0.006468       127794 
    9.000  9106.000000     0.283795     0.014110       127901 
    9.100  9777.000000     0.270485     0.013448       127623 
    9.200  9740.000000     0.516120     0.025318       128092 
    9.300  9642.000000    -0.003946    -0.000194       130185 
    9.400  9621.000000     0.254133     0.012492       127138 
    9.500  9097.000000    -0.007281    -0.000368       127832 
    9.600  9099.000000     0.408514     0.020817       125002 
    9.700  9026.000000     0.223447     0.011014       125209 
    9.800  8907.000000     0.188697     0.009186       124163 
    9.900  8672.000000     0.285032     0.013778       123418 
   10.000  9032.000000     0.038209     0.001913       123550 
   10.100  9639.000000     0.386490     0.019573       125363 
   10.200  9812.000000     0.135881     0.006814       124659 
   10.300  9336.000000     0.212109     0.010654       124493 
   10.400  8791.000000     0.204550     0.010354       125234 
   10.500  7905.000000     0.178530     0.009281       124704 
   10.600  8227.000000     0.158080     0.008078       123202 
   10.700  8191.000000     0.479499     0.024009       123639 
   10.800  9169.000000     0.302949     0.015293       120958 
   10.900  9223.000000     0.245982     0.012372       122514 
   11.000  8470.000000     0.637121     0.032552       120150 
   11.100  8201.000000     0.310645     0.015369       122720 
   11.200  9233.000000    -0.029295    -0.001454       121180 
   11.300  9125.000000     0.146101     0.007252       122538 
   11.400  9032.000000     0.357002     0.018250       122871 
   11.500  8409.000000     0.209232     0.010493       119684 
   11.600  7704.000000     0.343179     0.017006       120557 
   11.700  7782.000000     0.154744     0.007672       119723 
   11.800  8469.000000     0.425175     0.021096       119909 
   11.900  8723.000000     0.416107     0.021119       117573 
   12.000  8577.000000     0.268845     0.013593       119786 
   12.100  8885.000000     0.030179     0.001544       121237 
   12.200  8473.000000    -0.022050    -0.001095       120792 
   12.300  9109.000000     0.525684     0.026332       118874 
   12.400  9347.000000     0.148134     0.007182       118836 
   12.500  8988.000000     0.292236     0.014227       117911 
   12.600  8706.000000     0.612319     0.029981       118132 
   12.700  8930.000000     0.199734     0.009992       115817 
   12.800  8217.000000    -0.181673    -0.009079       117593 
   12.900  7822.000000     0.514376     0.026107       116988 
   13.000  8938.000000     0.607728     0.030558       119538 
   13.100  8700.000000     0.312994     0.015366       118991 
   13.200  8309.000000     0.088468     0.004360       116859 
   13.300  8602.000000     0.172091     0.008475       114840 
   13.400  8647.000000    -0.153754    -0.007532       116487 
   13.500  8702.000000     0.098970     0.004954       116888 
   13.600  8855.000000     0.218611     0.010861       116158 
   13.700  8854.000000     0.487176     0.024450       117595 
   13.800  8301.000000     0.403253     0.020516       117527 
   13.900  8493.000000     0.339199     0.016580       115949 
   14.000  8331.000000     0.148918     0.007331       116454 
   14.100  8423.000000     0.454957     0.023038       116123 
   14.200  9095.000000     0.307975     0.015555       116527 
   14.300  9202.000000     0.225359     0.011425       117013 
   14.400  8537.000000     0.369048     0.017893       117604 
   14.500  8738.000000     0.314374     0.015900       119143 
   14.600  8872.000000     0.172803     0.008764       117480 
   14.700  7837.000000    -0.047229    -0.002366       117713 
   14.800  8383.000000     0.104333     0.005169       116527 
   14.900  8062.000000     0.285371     0.014297       116059 
   15.000  8077.000000     0.236981     0.011880       116615 
   15.100  8377.000000     0.176581     0.008930       116264 
   15.200  8155.000000     0.251913     0.012327       115245 
   15.300  7976.000000     0.646748     0.031718       112934 
   15.400  8868.000000     0.141023     0.006850       113894 
   15.500  8822.000000     0.069041     0.003412       113941 
   15.600  8204.000000     0.280042     0.014170       114016 
   15.700  8628.000000     0.445728     0.022258       114513 
   15.800  8448.000000     0.116099     0.005769       113083 
   15.900  8668.000000    -0.034389    -0.001669       113227 
   16.000  8749.000000    -0.036848    -0.001810       113078 
   16.100  8355.000000     0.019788     0.000982       111924 
   16.200  8553.000000     0.502289     0.024988       113246 
   16.300  8609.000000     0.191213     0.009464       113583 
   16.400  8087.000000     0.165046     0.008361       111656 
   16.500  8099.000000    -0.231474    -0.011509       112305 
   16.600  8454.000000     0.062397     0.003097       110679 
   16.700  8485.000000     0.279175     0.013827       111641 
   16.800  8150.000000    -0.076072    -0.003791       111182 
   16.900  8661.000000    -0.046639    -0.002362       110980 
   17.000  8201.000000     0.196843     0.009991       109850 
   17.100  7908.000000     0.247073     0.012736       111330 
   17.200  7604.000000     0.217846     0.011270       109890 
   17.300  7642.000000    -0.002440    -0.000126       109100 
   17.400  7687.000000    -0.149159    -0.007475       110502 
   17.500  8100.000000     0.192330     0.010044       111453 
   17.600  8522.000000     0.522039     0.027437       109230 
   17.700  8386.000000     0.017175     0.000878       106851 
   17.800  8678.000000     0.058141     0.003014       106685 
   17.900  8411.000000     0.035087     0.001755       107389 
   18.000  7964.000000     0.120301     0.006044       109086 
   18.100  8106.000000    -0.264850    -0.013022       107462 
   18.200  8185.000000    -0.254745    -0.012617       109018 
   18.300  8104.000000     0.205421     0.010032       107266 
   18.400  7716.000000     0.148667     0.007346       109429 
   18.500  8295.000000     0.332594     0.016220       109582 
   18.600  8143.000000     0.132695     0.006489       110874 
   18.700  8279.000000     0.177215     0.008697       107809 
   18.800  8351.000000     0.512583     0.025435       107582 
   18.900  8174.000000     0.421092     0.020720       110451 
   19.000  8116.000000     0.546489     0.027031       109649 
   19.100  8127.000000     0.210592     0.010142       109892 
   19.200  8015.000000     0.198617     0.009779       108439 
   19.300  7648.000000     0.570603     0.028076       108548 
   19.400  8572.000000     0.500215     0.025585       108745 
   19.500  8323.000000     0.401427     0.020459       108442 
   19.600  7598.000000     0.286458     0.014030       108009 
   19.700  7708.000000     0.923738     0.044431       109211 
   19.800  7528.000000     0.099583     0.004963       108421 
   19.900  7923.000000     0.175705     0.008733       109521 
   20.000  7676.000000     0.086587     0.004395       109878 
   20.100  8025.000000    -0.077714    -0.003956       107034 
   20.200  8335.000000    -0.278313    -0.013533       104880 
   20.300  8472.000000     0.160329     0.007849       105412 
   20.400  7984.000000     0.074702     0.003684       106044 
   20.500  8356.000000     0.178489     0.009038       106460 
   20.600  8786.000000     0.090770     0.004543       105600 
   20.700  8533.000000     0.214006     0.010809       105464 
   20.800  8367.000000     0.100203     0.005003       105738 
   20.900  7766.000000     0.183579     0.009381       105012 
   21.000  7506.000000     0.176212     0.008982       107495 
   21.100  7302.000000    -0.101084    -0.004871       106095 
   21.200  7683.000000    -0.113464    -0.005523       106061 
   21.300  7280.000000     0.074629     0.003547       106181 
   21.400  7402.000000     0.214442     0.010339       107464 
   21.500  7952.000000     0.108103     0.005279       104485 
   21.600  7183.000000     0.164060     0.008107       104852 
   21.700  7000.000000     0.211271     0.010439       105844 
   21.800  7167.000000     0.495005     0.024414       104988 
   21.900  6982.000000     0.552878     0.027049       104849 
   22.000  7191.000000     0.277483     0.013479       103991 
   22.100  6841.000000     0.174954     0.008698       104353 
   22.200  7155.000000     0.111492     0.005565       103771 
   22.300  7058.000000     0.278136     0.013919       104676 
   22.400  7040.000000     0.040566     0.002028       105192 
   22.500  6775.000000     0.380824     0.018900       102928 
   22.600  6919.000000     0.097306     0.004766       102841 
   22.700  7651.000000    -0.224718    -0.010967       104136 
   22.800  8064.000000    -0.196924    -0.009539       102775 
   22.900  8001.000000     0.066180     0.003250       103874 
   23.000  7153.000000     0.350385     0.017378       103884 
   23.100  7013.000000     0.284162     0.014053       103574 
   23.200  7195.000000     0.525841     0.025468       102704 
   23.300  7315.000000     0.092194     0.004524       102567 
   23.400  7416.000000    -0.200980    -0.009748       103730 
   23.500  7345.000000    -0.012542    -0.000609       104523 
   23.600  7799.000000     0.389126     0.018675       103762 
   23.700  7571.000000     0.472093     0.023182       103976 
   23.800  7598.000000     0.015076     0.000743       101779 
   23.900  7491.000000     0.029526     0.001450        99161 
   24.000  7135.000000     0.229331     0.011001        98913 
   24.100  6676.000000    -0.040489    -0.001923        99627 
   24.200  7209.000000    -0.167413    -0.008063       100226 
   24.300  7518.000000     0.139636     0.006770       102366 
   24.400  7641.000000    -0.124928    -0.006218       102763 
   24.500  7514.000000    -0.064925    -0.003197       102597 
   24.600  7707.000000     0.251559     0.012396       100973 
   24.700  7716.000000     0.584335     0.029405       100012 
   24.800  7671.000000     0.186309     0.009188        99369 
   24.900  7279.000000     0.102191     0.005067        98636 
   25.000  7463.000000     0.241657     0.011775       100806 
   25.100  7614.000000     0.301814     0.014791        99698 
   25.200  7195.000000     0.578816     0.028443       101499 
   25.300  7713.000000     0.441222     0.021832        99204 
   25.400  7669.000000     0.278721     0.013866        99687 
   25.500  7319.000000     0.039510     0.001979       100123 
   25.600  7535.000000     0.421280     0.021373        98814 
   25.700  7584.000000     0.041909     0.002164        99281 
   25.800  7657.000000    -0.124858    -0.006321        99337 
   25.900  7600.000000     0.224676     0.011365        98859 
   26.000  7779.000000     0.488416     0.023869       101065 
   26.100  7201.000000     0.174529     0.008561       100191 
   26.200  8033.000000     0.042386     0.002032       100250 
   26.300  7707.000000     0.593309     0.029381       100409 
   26.400  6897.000000     0.160941     0.008131        99106 
   26.500  6613.000000     0.329886     0.016475        99693 
   26.600  7038.000000     0.112254     0.005467       100207 
   26.700  7004.000000     0.131226     0.006412        98125 
   26.800  7426.000000    -0.134556    -0.006583        99625 
   26.900  7797.000000    -0.172920    -0.008482        99584 
   27.000  7391.000000     0.024741     0.001189        96741 
   27.100  7003.000000    -0.265313    -0.013125        97331 
   27.200  7156.000000     0.005979     0.000294        98420 
   27.300  6823.000000     0.192152     0.009237        96707 
   27.400  6958.000000    -0.143196    -0.007066        97250 
   27.500  7343.000000     0.211060     0.010528        95374 
   27.600  7568.000000     0.134328     0.006817        96136 
   27.700  7484.000000     0.229781     0.011362        97964 
   27.800  7778.000000    -0.206857    -0.010175        97754 
   27.900  7111.000000     0.040498     0.001970        96533 
   28.000  7174.000000     0.126176     0.006259        93763 
   28.100  7011.000000    -0.104964    -0.005252        93790 
   28.200  7015.000000    -0.030424    -0.001565        94259 
   28.300  6855.000000    -0.118110    -0.006036        94271 
   28.400  6666.000000    -0.212808    -0.010653        94202 
   28.500  6847.000000     0.065871     0.003309        93377 
   28.600  6948.000000     0.189597     0.009575        94904 
   28.700  7093.000000    -0.168699    -0.008264        93758 
   28.800  6852.000000    -0.014959    -0.000735        95484 
   28.900  7245.000000     0.133640     0.006501        95927 
   29.000  7379.000000    -0.083812    -0.004124        94604 
   29.100  6920.000000    -0.268509    -0.013059        94715 
   29.200  6917.000000     0.033258     0.001637        95525 
   29.300  6835.000000    -0.193873    -0.009617        97001 
   29.400  6711.000000    -0.051015    -0.002461        94952 
   29.500  6296.000000    -0.362954    -0.017481        95095 
   29.600  6867.000000    -0.219678    -0.010466        95292 
   29.700  6648.000000    -0.309929    -0.015356        96110 
   29.800  6711.000000    -0.151835    -0.007392        93384 
   29.900  6916.000000    -0.389251    -0.020065        93464 
   30.000  7097.000000     0.189555     0.009497        96604 
   30.100  6873.000000     0.224488     0.011105        95072 
   30.200  7029.000000     0.111609     0.005460        96025 
   30.300  7067.000000    -0.530337    -0.026480        94560 
   30.400  6741.000000    -0.015247    -0.000755        96405 
   30.500  6964.000000     0.116206     0.005601        97403 
   30.600  6684.000000     0.119767     0.005869        94400 
   30.700  6626.000000     0.222655     0.011002        93787 
   30.800  6336.000000    -0.320740    -0.014912        93608 
   30.900  6170.000000    -0.233978    -0.011314        95260 
   31.000  6151.000000    -0.192907    -0.009508        94058 
   31.100  6495.000000     0.476123     0.023717        91620 
   31.200  6574.000000     0.378479     0.018457        93734 
   31.300  6561.000000     0.353898     0.017563        91590 
   31.400  6969.000000     0.270532     0.013634        92787 
   31.500  7000.000000     0.029518     0.001508        92262 
   31.600  6414.000000    -0.170548    -0.008454        92413 
   31.700  6674.000000    -0.089127    -0.004385        91743 
   31.800  6822.000000     0.048959     0.002406        90674 
   31.900  6576.000000     0.205923     0.009978        91103 
   32.000  6242.000000     0.258877     0.012750        92310 
   32.100  6820.000000     0.179034     0.008864        90043 
   32.200  6749.000000     0.359666     0.017520        91619 
   32.300  6301.000000     0.457459     0.022861        90313 
   32.400  6224.000000     0.330652     0.016255        90612 
   32.500  6421.000000    -0.024837    -0.001262        89426 
   32.600  7101.000000     0.300290     0.015270        89488 
   32.700  6830.000000     0.066046     0.003296        89599 
   32.800  7085.000000     0.139784     0.006771        89706 
   32.900  7031.000000     0.206813     0.010104        89456 
   33.000  7114.000000    -0.045351    -0.002250        89319 
   33.100  7120.000000     0.135358     0.006674        89284 
   33.200  6253.000000     0.290217     0.014489        90433 
   33.300  6515.000000    -0.140055    -0.007015        89918 
   33.400  7282.000000     0.073338     0.003676        89208 
   33.500  7580.000000    -0.201283    -0.009987        88536 
   33.600  7417.000000    -0.316625    -0.015645        89816 
   33.700  7134.000000    -0.149715    -0.007178        90076 
   33.800  7349.000000     0.306333     0.014703        91170 
   33.900  7647.000000     0.102696     0.004953        91199 
   34.000  6714.000000     0.077241     0.003697        89252 
   34.100  6691.000000    -0.205625    -0.010000        89399 
   34.200  6851.000000    -0.219268    -0.010882        89150 
   34.300  6604.000000     0.019149     0.000963        88758 
   34.400  6651.000000    -0.014486    -0.000704        89610 
   34.500  6977.000000     0.179841     0.008860        88475 
   34.600  6950.000000     0.477195     0.023202        87754 
   34.700  7049.000000     0.266609     0.013196        89142 
   34.800  6573.000000    -0.160477    -0.008026        89566 
   34.900  6212.000000    -0.062099    -0.003164        87338 
   35.000  6578.000000     0.245432     0.012414        86743 
   35.100  6838.000000    -0.088635    -0.004336        87357 
   35.200  6735.000000    -0.096871    -0.004724        87240 
   35.300  5850.000000    -0.092068    -0.004673        86865 
   35.400  5779.000000    -0.327530    -0.016154        86520 
   35.500  6426.000000    -0.035002    -0.001744        88096 
   35.600  6875.000000     0.325834     0.016233        88382 
   35.700  6175.000000    -0.272734    -0.013338        88310 
   35.800  6011.000000    -0.423762    -0.021141        87673 
   35.900  6640.000000    -0.344590    -0.017337        88866 
   36.000  6408.000000    -0.123719    -0.006129        88747 
   36.100  6678.000000    -0.065790    -0.003242        88055 
   36.200  6296.000000    -0.248972    -0.012627        85986 
   36.300  6089.000000    -0.384450    -0.019010        86977 
   36.400  5829.000000    -0.049542    -0.002431        87555 
   36.500  5796.000000     0.086897     0.004414        87046 
   36.600  5799.000000    -0.439449    -0.022178        84965 
   36.700  5873.000000    -0.156260    -0.007516        85634 
   36.800  6416.000000    -0.046265    -0.002256        85894 
   36.900  6296.000000     0.403082     0.019895        86827 
   37.000  6731.000000     0.425159     0.020684        87477 
   37.100  6429.000000     0.604076     0.029434        86230 
   37.200  6546.000000     0.209066     0.010148        87832 
   37.300  6392.000000    -0.106544    -0.005118        87683 
   37.400  6423.000000     0.353649     0.017035        87483 
   37.500  5728.000000     0.178901     0.008687        87327 
   37.600  5987.000000     0.431291     0.021584        87084 
   37.700  5997.000000    -0.029281    -0.001461        86828 
   37.800  5759.000000     0.195487     0.009676        87890 
   37.900  5969.000000     0.066741     0.003413        88655 
   38.000  5760.000000     0.001649     0.000082        88087 
   38.100  6333.000000    -0.120799    -0.006009        84972 
   38.200  6223.000000     0.179751     0.009211        86683 
   38.300  6256.000000    -0.066906    -0.003418        87753 
   38.400  5827.000000    -0.264970    -0.013073        85452 
   38.500  5485.000000     0.218554     0.011339        84839 
   38.600  5711.000000    -0.021048    -0.001054        83584 
   38.700  5941.000000     0.079586     0.003877        83511 
   38.800  6033.000000     0.253567     0.012030        85037 
   38.900  6129.000000     0.489248     0.023628        84810 
   39.000  6289.000000     0.269103     0.013006        84286 
   39.100  6552.000000     0.198585     0.009864        83175 
   39.200  6584.000000     0.046974     0.002362        83467 
   39.300  6382.000000     0.350754     0.017132        84300 
   39.400  6463.000000     0.477239     0.023219        82950 
   39.500  6311.000000     0.143672     0.006966        83231 
   39.600  6325.000000    -0.103222    -0.005186        83237 
   39.700  6607.000000     0.443339     0.021780        85746 
   39.800  6356.000000     0.199214     0.009682        84426 
   39.900  6681.000000    -0.057949    -0.002932        83918 
   40.000  6627.000000     0.098393     0.004867        83600 
