## Jackknife output: chrom 13
    0.100  3166.000000     4.742694     0.227097       112929 
    0.200  4620.000000     3.007113     0.150077       162605 
    0.300  4748.000000     2.343375     0.119325       168176 
    0.400  5015.000000     2.088975     0.102486       166513 
    0.500  4998.000000     2.064405     0.103496       166753 
    0.600  5046.000000     1.801336     0.090178       167146 
    0.700  4770.000000     1.649233     0.082403       163569 
    0.800  4833.000000     1.762130     0.086795       163434 
    0.900  5008.000000     1.441962     0.070462       165403 
    1.000  4804.000000     1.317634     0.064294       165013 
    1.100  4787.000000     1.235477     0.061044       163258 
    1.200  4548.000000     1.236762     0.059803       164876 
    1.300  4621.000000     1.309972     0.063148       163184 
    1.400  4624.000000     1.293238     0.063992       160871 
    1.500  4452.000000     1.326380     0.065813       158565 
    1.600  4374.000000     1.050059     0.053149       157915 
    1.700  4198.000000     0.905517     0.046645       158412 
    1.800  4643.000000     0.962563     0.048209       159555 
    1.900  4207.000000     0.820448     0.040579       159006 
    2.000  4615.000000     0.865004     0.042881       157076 
    2.100  4193.000000     0.833832     0.040982       159776 
    2.200  4590.000000     0.665034     0.032329       156983 
    2.300  4511.000000     0.788245     0.039241       157005 
    2.400  4629.000000     0.705942     0.035429       156932 
    2.500  4541.000000     0.765666     0.038502       152763 
    2.600  4628.000000     0.719455     0.037147       150540 
    2.700  4499.000000     0.755510     0.039080       151740 
    2.800  4571.000000     0.894101     0.045365       150939 
    2.900  4366.000000     0.804483     0.040292       149681 
    3.000  4259.000000     0.503163     0.024505       153386 
    3.100  3925.000000     0.551474     0.027194       151525 
    3.200  4269.000000     0.375600     0.018339       151803 
    3.300  4946.000000     0.535019     0.026830       151905 
    3.400  3956.000000     0.808078     0.041660       151187 
    3.500  4468.000000     0.754365     0.037625       150617 
    3.600  4177.000000     0.758491     0.037684       149493 
    3.700  4136.000000     0.622679     0.031034       148912 
    3.800  4348.000000     0.136385     0.006755       149520 
    3.900  4341.000000     0.451344     0.021949       146708 
    4.000  4180.000000     0.577665     0.028851       149213 
    4.100  4026.000000     0.609930     0.030417       147837 
    4.200  4068.000000     0.483542     0.024257       148856 
    4.300  4539.000000     0.389393     0.019867       147295 
    4.400  4378.000000     0.499111     0.025125       146548 
    4.500  4395.000000     0.367102     0.018306       145079 
    4.600  4416.000000     0.370703     0.018502       146728 
    4.700  4410.000000     0.595499     0.029496       145310 
    4.800  4275.000000     0.315366     0.015785       144977 
    4.900  4052.000000    -0.007572    -0.000376       145936 
    5.000  4203.000000     0.288484     0.014281       145042 
    5.100  4371.000000     0.428546     0.021951       145230 
    5.200  4468.000000     0.451995     0.022699       147764 
    5.300  4062.000000     0.491113     0.024616       146643 
    5.400  4196.000000     0.073664     0.003628       144459 
    5.500  4020.000000     0.485231     0.024665       145973 
    5.600  3867.000000     0.385327     0.019663       146917 
    5.700  4040.000000     0.595224     0.030095       143639 
    5.800  3990.000000     0.365716     0.018250       143836 
    5.900  3925.000000     0.251016     0.012489       141773 
    6.000  3642.000000     0.525517     0.026396       143369 
    6.100  3556.000000     0.565069     0.028024       142498 
    6.200  3469.000000     0.379600     0.018954       139476 
    6.300  3816.000000     0.467319     0.023366       138738 
    6.400  3419.000000     0.404519     0.019999       140584 
    6.500  3720.000000     0.099418     0.004902       140020 
    6.600  3921.000000    -0.253202    -0.012549       140960 
    6.700  3713.000000     0.132266     0.006406       141384 
    6.800  3562.000000     0.365169     0.017795       140017 
    6.900  3335.000000     0.310526     0.015371       140385 
    7.000  3621.000000     0.303394     0.015135       140301 
    7.100  3822.000000     0.388350     0.019635       139615 
    7.200  3843.000000     0.473708     0.023746       139076 
    7.300  3754.000000     0.477441     0.023885       139391 
    7.400  4082.000000     0.497849     0.024547       137847 
    7.500  3687.000000     0.387984     0.018984       138031 
    7.600  3620.000000     0.333747     0.016502       136849 
    7.700  3322.000000     0.375127     0.019276       136576 
    7.800  3531.000000     0.598844     0.030210       137395 
    7.900  3942.000000     0.442051     0.022936       138755 
    8.000  3695.000000     0.603251     0.031196       139188 
    8.100  3671.000000     0.228123     0.011316       137917 
    8.200  3480.000000     0.215516     0.010721       138692 
    8.300  3481.000000     0.476482     0.023728       137058 
    8.400  3359.000000     0.311337     0.015328       134248 
    8.500  3379.000000     0.053599     0.002738       134474 
    8.600  3257.000000     0.094075     0.004724       135225 
    8.700  3078.000000     0.184964     0.009015       134416 
    8.800  3199.000000     0.538762     0.027355       134476 
    8.900  3383.000000     0.162709     0.008237       133372 
    9.000  3176.000000     0.281648     0.014041       133831 
    9.100  3161.000000     0.352811     0.017485       134239 
    9.200  3118.000000     0.585037     0.028858       134714 
    9.300  3216.000000     0.084022     0.004172       136611 
    9.400  3507.000000     0.334157     0.016552       133252 
    9.500  3618.000000     0.082977     0.004231       133311 
    9.600  3322.000000     0.417787     0.021239       130779 
    9.700  3316.000000     0.316313     0.015568       130919 
    9.800  3474.000000     0.180408     0.008766       129596 
    9.900  3373.000000     0.297120     0.014270       128717 
   10.000  3242.000000     0.183322     0.009184       129340 
   10.100  3328.000000     0.476635     0.024285       131674 
   10.200  3338.000000     0.108251     0.005464       131133 
   10.300  3745.000000     0.233928     0.011804       130084 
   10.400  3621.000000     0.225181     0.011421       130404 
   10.500  3469.000000     0.210078     0.010829       129140 
   10.600  3460.000000     0.214928     0.010999       127969 
   10.700  3295.000000     0.551722     0.027633       128535 
   10.800  3253.000000     0.331851     0.016797       126874 
   10.900  3466.000000     0.296836     0.014891       128271 
   11.000  3343.000000     0.529019     0.027048       125277 
   11.100  3399.000000     0.316533     0.015692       127522 
   11.200  3161.000000    -0.087912    -0.004372       127252 
   11.300  3391.000000     0.152242     0.007543       128272 
   11.400  3345.000000     0.373559     0.018998       128558 
   11.500  3283.000000     0.193547     0.009685       124810 
   11.600  3774.000000     0.334606     0.016539       124487 
   11.700  3924.000000     0.130322     0.006465       123581 
   11.800  4008.000000     0.349131     0.017354       124370 
   11.900  3692.000000     0.424471     0.021578       122604 
   12.000  3159.000000     0.288655     0.014655       125204 
   12.100  3310.000000     0.069010     0.003564       126812 
   12.200  3459.000000    -0.033637    -0.001686       125806 
   12.300  3442.000000     0.521678     0.026348       124541 
   12.400  3445.000000     0.186861     0.009151       124738 
   12.500  3125.000000     0.180590     0.008893       123774 
   12.600  3332.000000     0.462706     0.022764       123506 
   12.700  3221.000000     0.100127     0.005048       121526 
   12.800  3439.000000    -0.125433    -0.006320       122371 
   12.900  3287.000000     0.366846     0.018595       121523 
   13.000  3331.000000     0.657758     0.033180       125145 
   13.100  3117.000000     0.463905     0.022738       124574 
   13.200  3105.000000     0.307893     0.015193       122063 
   13.300  2681.000000     0.201341     0.009880       120761 
   13.400  3150.000000    -0.018146    -0.000887       121984 
   13.500  3380.000000    -0.120260    -0.006068       122210 
   13.600  3057.000000     0.181800     0.009063       121956 
   13.700  3088.000000     0.572584     0.028518       123361 
   13.800  2536.000000     0.367552     0.018707       123292 
   13.900  2729.000000     0.379240     0.018566       121713 
   14.000  2933.000000     0.256996     0.012627       121852 
   14.100  3029.000000     0.439789     0.022245       121517 
   14.200  3028.000000     0.193937     0.009751       122594 
   14.300  3165.000000     0.255589     0.012978       123050 
   14.400  2764.000000     0.510934     0.024924       123377 
   14.500  3238.000000     0.302474     0.015267       124643 
   14.600  3250.000000     0.172964     0.008849       123102 
   14.700  3287.000000     0.041721     0.002093       122263 
   14.800  3181.000000     0.184658     0.009245       121729 
   14.900  3394.000000     0.303791     0.015384       120727 
   15.000  3166.000000     0.205529     0.010424       121526 
   15.100  3345.000000     0.349996     0.017858       121296 
   15.200  3161.000000     0.377457     0.018767       120239 
   15.300  3034.000000     0.526105     0.026142       117876 
   15.400  3074.000000     0.249742     0.012192       119688 
   15.500  2963.000000    -0.078291    -0.003881       119800 
   15.600  3053.000000     0.205715     0.010430       119167 
   15.700  2900.000000     0.392091     0.019669       120241 
   15.800  2803.000000     0.120258     0.005994       118728 
   15.900  3189.000000    -0.069646    -0.003397       118706 
   16.000  3152.000000    -0.068435    -0.003394       118675 
   16.100  3089.000000    -0.042845    -0.002131       117190 
   16.200  2756.000000     0.298609     0.014966       119043 
   16.300  2697.000000     0.122162     0.006041       119495 
   16.400  2701.000000     0.143315     0.007239       117042 
   16.500  2699.000000    -0.243428    -0.012057       117705 
   16.600  2576.000000     0.003388     0.000168       116557 
   16.700  2992.000000     0.303650     0.014996       117134 
   16.800  3195.000000    -0.013048    -0.000653       116137 
   16.900  3002.000000    -0.119034    -0.006110       116639 
   17.000  2737.000000     0.128061     0.006593       115314 
   17.100  2794.000000     0.174284     0.009019       116444 
   17.200  2805.000000     0.198301     0.010414       114689 
   17.300  2943.000000     0.013221     0.000687       113799 
   17.400  2904.000000    -0.088452    -0.004489       115285 
   17.500  2708.000000     0.195178     0.010213       116845 
   17.600  2567.000000     0.449267     0.023778       115185 
   17.700  2573.000000     0.066362     0.003395       112664 
   17.800  2189.000000     0.019444     0.001021       113174 
   17.900  2497.000000    -0.026592    -0.001337       113303 
   18.000  2344.000000     0.187892     0.009447       114706 
   18.100  2385.000000    -0.209529    -0.010386       113183 
   18.200  2754.000000    -0.198995    -0.009947       114449 
   18.300  2520.000000     0.271933     0.013533       112850 
   18.400  2512.000000     0.138678     0.006957       114633 
   18.500  2443.000000     0.402719     0.019780       115434 
   18.600  2415.000000    -0.023587    -0.001175       116602 
   18.700  2497.000000     0.099986     0.004991       113591 
   18.800  2351.000000     0.494119     0.024699       113582 
   18.900  2510.000000     0.381537     0.018963       116115 
   19.000  2504.000000     0.588005     0.029360       115261 
   19.100  2818.000000     0.322048     0.015598       115201 
   19.200  2701.000000     0.265297     0.013156       113753 
   19.300  2774.000000     0.458788     0.022705       113422 
   19.400  2559.000000     0.411294     0.021144       114758 
   19.500  2763.000000     0.290349     0.014869       114002 
   19.600  2613.000000     0.345049     0.017015       112994 
   19.700  2664.000000     0.865372     0.042103       114255 
   19.800  2618.000000     0.113857     0.005760       113331 
   19.900  2550.000000     0.250195     0.012616       114894 
   20.000  2589.000000     0.066804     0.003426       114965 
   20.100  2452.000000    -0.072211    -0.003709       112607 
   20.200  2560.000000    -0.285737    -0.014127       110655 
   20.300  2385.000000     0.095079     0.004766       111499 
   20.400  2304.000000     0.074827     0.003770       111724 
   20.500  2359.000000     0.185595     0.009576       112457 
   20.600  2515.000000     0.173537     0.008853       111871 
   20.700  2541.000000     0.130140     0.006594       111456 
   20.800  2639.000000     0.162355     0.008079       111466 
   20.900  2212.000000     0.035991     0.001847       110566 
   21.000  2610.000000     0.062935     0.003215       112391 
   21.100  2353.000000    -0.039268    -0.001926       111044 
   21.200  2385.000000    -0.124134    -0.006095       111359 
   21.300  2447.000000    -0.003412    -0.000163       111014 
   21.400  2712.000000     0.131436     0.006422       112154 
   21.500  2504.000000     0.156700     0.007693       109933 
   21.600  2522.000000     0.151009     0.007508       109513 
   21.700  2437.000000     0.224045     0.011152       110407 
   21.800  2711.000000     0.436119     0.021678       109444 
   21.900  2807.000000     0.525431     0.025981       109024 
   22.000  2549.000000     0.264331     0.012996       108633 
   22.100  2684.000000    -0.011234    -0.000563       108510 
   22.200  2537.000000    -0.034429    -0.001726       108389 
   22.300  2807.000000     0.270922     0.013549       108927 
   22.400  2606.000000     0.206262     0.010469       109626 
   22.500  2864.000000     0.437782     0.022146       106839 
   22.600  2602.000000     0.149752     0.007496       107158 
   22.700  2525.000000    -0.127613    -0.006344       109262 
   22.800  2648.000000    -0.146933    -0.007391       108191 
   22.900  2750.000000     0.038952     0.001932       109125 
   23.000  2681.000000     0.241576     0.012082       108356 
   23.100  2395.000000     0.209914     0.010363       108192 
   23.200  2732.000000     0.481896     0.023482       107167 
   23.300  2921.000000     0.146796     0.007232       106961 
   23.400  2860.000000    -0.185402    -0.009031       108286 
   23.500  2556.000000    -0.038684    -0.001888       109312 
   23.600  2330.000000     0.381276     0.018344       109231 
   23.700  2140.000000     0.421254     0.020868       109407 
   23.800  2115.000000    -0.064475    -0.003210       107262 
   23.900  2522.000000     0.081931     0.004094       104130 
   24.000  2706.000000     0.153966     0.007487       103342 
   24.100  2479.000000     0.073661     0.003520       103824 
   24.200  2346.000000    -0.031708    -0.001540       105089 
   24.300  2406.000000     0.264122     0.012965       107478 
   24.400  2485.000000    -0.088345    -0.004478       107919 
   24.500  2774.000000    -0.029626    -0.001475       107337 
   24.600  2559.000000     0.263020     0.013120       106121 
   24.700  2432.000000     0.515285     0.026220       105296 
   24.800  2585.000000     0.117210     0.005918       104455 
   24.900  2616.000000     0.136382     0.006882       103299 
   25.000  2679.000000     0.129144     0.006398       105590 
   25.100  2602.000000     0.276464     0.013761       104710 
   25.200  2699.000000     0.490010     0.024260       105995 
   25.300  2944.000000     0.389922     0.019283       103973 
   25.400  2727.000000     0.071419     0.003563       104629 
   25.500  2519.000000    -0.098662    -0.004955       104923 
   25.600  2440.000000     0.290180     0.014710       103909 
   25.700  2690.000000    -0.024482    -0.001263       104175 
   25.800  2760.000000    -0.152093    -0.007660       104234 
   25.900  2490.000000     0.243818     0.012420       103969 
   26.000  2660.000000     0.571089     0.027934       106184 
   26.100  2706.000000     0.183564     0.009029       104686 
   26.200  2833.000000     0.082042     0.003947       105450 
   26.300  2623.000000     0.414591     0.020518       105493 
   26.400  2578.000000     0.174240     0.008806       103425 
   26.500  2691.000000     0.311858     0.015659       103615 
   26.600  2604.000000    -0.004291    -0.000209       104641 
   26.700  2617.000000     0.038017     0.001860       102512 
   26.800  2855.000000    -0.349936    -0.017234       104196 
   26.900  2515.000000    -0.244719    -0.012065       104866 
   27.000  2766.000000     0.003142     0.000154       101366 
   27.100  2677.000000    -0.239134    -0.011897       101657 
   27.200  2756.000000     0.035735     0.001781       102820 
   27.300  2671.000000     0.220555     0.010771       100859 
   27.400  2250.000000    -0.039588    -0.001974       101958 
   27.500  2409.000000     0.102800     0.005162       100308 
   27.600  2787.000000     0.076211     0.003895       100917 
   27.700  2765.000000     0.276100     0.013682       102683 
   27.800  2402.000000    -0.314469    -0.015594       103130 
   27.900  2450.000000    -0.073587    -0.003615       101194 
   28.000  2530.000000     0.142866     0.007123        98407 
   28.100  2496.000000    -0.168725    -0.008514        98305 
   28.200  2277.000000    -0.011348    -0.000582        98997 
   28.300  2439.000000    -0.084648    -0.004338        98687 
   28.400  2427.000000    -0.267386    -0.013453        98441 
   28.500  2568.000000    -0.142445    -0.007146        97656 
   28.600  2293.000000     0.228076     0.011298        99559 
   28.700  2375.000000    -0.046525    -0.002277        98476 
   28.800  2162.000000    -0.049109    -0.002423       100174 
   28.900  2280.000000     0.152782     0.007453       100892 
   29.000  2428.000000    -0.075293    -0.003713        99555 
   29.100  2376.000000    -0.239662    -0.011793        99259 
   29.200  2505.000000    -0.018814    -0.000929        99937 
   29.300  2510.000000    -0.106255    -0.005255       101326 
   29.400  2495.000000    -0.068749    -0.003323        99168 
   29.500  2676.000000    -0.310995    -0.015023        98715 
   29.600  2499.000000    -0.220269    -0.010502        99660 
   29.700  2420.000000    -0.305548    -0.015100       100338 
   29.800  2335.000000    -0.113400    -0.005517        97760 
   29.900  2558.000000    -0.496230    -0.025583        97822 
   30.000  2645.000000     0.164210     0.008244       101056 
   30.100  2469.000000     0.263570     0.013125        99476 
   30.200  2388.000000     0.152302     0.007475       100666 
   30.300  2242.000000    -0.485301    -0.024350        99385 
   30.400  2255.000000    -0.018825    -0.000935       100891 
   30.500  2341.000000     0.106147     0.005138       102026 
   30.600  2216.000000     0.148319     0.007362        98868 
   30.700  2146.000000     0.240414     0.012022        98267 
   30.800  2060.000000    -0.200875    -0.009496        97884 
   30.900  2010.000000    -0.141332    -0.006852        99420 
   31.000  2093.000000    -0.122516    -0.006080        98116 
   31.100  2051.000000     0.517422     0.026119        96064 
   31.200  2103.000000     0.448420     0.022071        98205 
   31.300  2091.000000     0.359373     0.017981        96060 
   31.400  2245.000000     0.412086     0.020861        97511 
   31.500  2317.000000     0.116450     0.005990        96945 
   31.600  2330.000000    -0.237109    -0.011741        96497 
   31.700  2223.000000    -0.101557    -0.005015        96194 
   31.800  2331.000000    -0.028023    -0.001375        95165 
   31.900  2325.000000     0.204329     0.009937        95354 
   32.000  2171.000000     0.224099     0.011098        96381 
   32.100  1958.000000     0.124621     0.006183        94905 
   32.200  1968.000000     0.318808     0.015582        96400 
   32.300  2031.000000     0.361472     0.018172        94583 
   32.400  2156.000000     0.191314     0.009457        94680 
   32.500  2108.000000    -0.076705    -0.003885        93739 
   32.600  2282.000000     0.316542     0.016016        94307 
   32.700  2367.000000     0.099436     0.004963        94062 
   32.800  2119.000000     0.037322     0.001824        94672 
   32.900  1903.000000     0.133915     0.006588        94584 
   33.000  2080.000000    -0.110772    -0.005491        94353 
   33.100  2063.000000     0.115453     0.005705        94341 
   33.200  2006.000000     0.422441     0.020985        94680 
   33.300  2157.000000    -0.111850    -0.005617        94276 
   33.400  2226.000000     0.046939     0.002362        94264 
   33.500  2172.000000    -0.108896    -0.005428        93944 
   33.600  2067.000000    -0.249456    -0.012553        95166 
   33.700  1980.000000    -0.278006    -0.013517        95230 
   33.800  1810.000000     0.335781     0.016242        96709 
   33.900  2072.000000    -0.047305    -0.002289        96774 
   34.000  2006.000000    -0.003611    -0.000173        93960 
   34.100  2236.000000    -0.167023    -0.008113        93854 
   34.200  2156.000000    -0.186137    -0.009253        93845 
   34.300  2114.000000    -0.032779    -0.001633        93248 
   34.400  1912.000000     0.066401     0.003215        94349 
   34.500  1851.000000     0.113179     0.005552        93601 
   34.600  2043.000000     0.457322     0.022264        92661 
   34.700  2131.000000     0.296108     0.014686        94060 
   34.800  1962.000000    -0.179446    -0.008984        94177 
   34.900  2087.000000    -0.034065    -0.001740        91463 
   35.000  2166.000000     0.133162     0.006837        91155 
   35.100  2034.000000    -0.015014    -0.000742        92161 
   35.200  2205.000000    -0.200415    -0.009860        91770 
   35.300  1762.000000    -0.143727    -0.007310        90953 
   35.400  1808.000000    -0.319150    -0.015902        90491 
   35.500  1904.000000     0.069118     0.003423        92618 
   35.600  1836.000000     0.282788     0.014075        93421 
   35.700  1998.000000    -0.059657    -0.002923        92487 
   35.800  1840.000000    -0.358244    -0.017840        91844 
   35.900  1938.000000    -0.304359    -0.015508        93568 
   36.000  1800.000000    -0.109393    -0.005462        93355 
   36.100  1846.000000    -0.058969    -0.002925        92887 
   36.200  1619.000000    -0.207778    -0.010616        90663 
   36.300  1916.000000    -0.297149    -0.014948        91150 
   36.400  2336.000000    -0.011766    -0.000581        91048 
   36.500  1865.000000     0.192356     0.009790        90977 
   36.600  1793.000000    -0.366196    -0.018503        88971 
   36.700  1743.000000    -0.099772    -0.004835        89764 
   36.800  1830.000000    -0.009368    -0.000460        90480 
   36.900  2153.000000     0.249672     0.012450        90970 
   37.000  1979.000000     0.246998     0.012121        92229 
   37.100  1795.000000     0.606852     0.029787        90864 
   37.200  2013.000000     0.229483     0.011281        92365 
   37.300  2024.000000    -0.111619    -0.005450        92051 
   37.400  2296.000000     0.370257     0.017990        91610 
   37.500  2239.000000     0.138055     0.006755        90816 
   37.600  2023.000000     0.297568     0.015007        91048 
   37.700  1944.000000    -0.005117    -0.000258        90881 
   37.800  2175.000000     0.126935     0.006320        91474 
   37.900  2085.000000     0.016747     0.000874        92539 
   38.000  2099.000000     0.031383     0.001587        91748 
   38.100  1977.000000    -0.152585    -0.007634        89328 
   38.200  2024.000000     0.208345     0.010749        90882 
   38.300  1953.000000     0.067905     0.003499        92056 
   38.400  2095.000000    -0.198948    -0.009849        89184 
   38.500  2013.000000     0.205996     0.010767        88311 
   38.600  1912.000000    -0.113292    -0.005708        87383 
   38.700  1789.000000     0.091158     0.004503        87663 
   38.800  1590.000000     0.297841     0.014309        89480 
   38.900  2020.000000     0.534998     0.025955        88919 
   39.000  1826.000000     0.263870     0.012825        88749 
   39.100  1866.000000     0.079546     0.003941        87861 
   39.200  1864.000000    -0.012424    -0.000624        88187 
   39.300  1902.000000     0.265495     0.013052        88780 
   39.400  1980.000000     0.482244     0.023936        87433 
   39.500  1843.000000     0.183960     0.008983        87699 
   39.600  2001.000000    -0.226259    -0.011525        87561 
   39.700  2145.000000     0.314477     0.015754        90208 
   39.800  2062.000000     0.157905     0.007774        88720 
   39.900  1952.000000    -0.032638    -0.001642        88647 
   40.000  1896.000000     0.070255     0.003464        88331 
