## Jackknife output: chrom 14
    0.100  3782.000000     4.789424     0.228476       112313 
    0.200  5569.000000     2.981435     0.148902       161656 
    0.300  5714.000000     2.360441     0.119703       167210 
    0.400  5749.000000     2.091148     0.102453       165779 
    0.500  5797.000000     2.045073     0.102107       165954 
    0.600  5811.000000     1.725941     0.086231       166381 
    0.700  6096.000000     1.587475     0.079283       162243 
    0.800  5911.000000     1.767853     0.087320       162356 
    0.900  5572.000000     1.401607     0.068549       164839 
    1.000  5697.000000     1.292230     0.063080       164120 
    1.100  5485.000000     1.286527     0.063303       162560 
    1.200  5310.000000     1.217959     0.059035       164114 
    1.300  6139.000000     1.273998     0.061645       161666 
    1.400  5464.000000     1.279446     0.063089       160031 
    1.500  5633.000000     1.325812     0.065584       157384 
    1.600  5392.000000     1.040639     0.052561       156897 
    1.700  5361.000000     0.932210     0.048164       157249 
    1.800  5468.000000     0.977535     0.048922       158730 
    1.900  5225.000000     0.811655     0.040049       157988 
    2.000  5477.000000     0.795189     0.039189       156214 
    2.100  5373.000000     0.741693     0.036308       158596 
    2.200  5445.000000     0.571927     0.027717       156128 
    2.300  5472.000000     0.821973     0.040807       156044 
    2.400  5276.000000     0.748245     0.037577       156285 
    2.500  5433.000000     0.781592     0.039089       151871 
    2.600  5665.000000     0.759190     0.039091       149503 
    2.700  5161.000000     0.757121     0.039032       151078 
    2.800  5088.000000     0.832663     0.042161       150422 
    2.900  5301.000000     0.787924     0.039335       148746 
    3.000  5934.000000     0.595625     0.028983       151711 
    3.100  5322.000000     0.620709     0.030520       150128 
    3.200  5164.000000     0.401349     0.019596       150908 
    3.300  5274.000000     0.574798     0.028657       151577 
    3.400  5204.000000     0.837815     0.043075       149939 
    3.500  5893.000000     0.748576     0.037245       149192 
    3.600  5818.000000     0.725233     0.035899       147852 
    3.700  5530.000000     0.621135     0.030964       147518 
    3.800  5554.000000     0.132114     0.006527       148314 
    3.900  5147.000000     0.480432     0.023157       145902 
    4.000  5260.000000     0.590555     0.029548       148133 
    4.100  5233.000000     0.571886     0.028260       146630 
    4.200  5502.000000     0.543685     0.027025       147422 
    4.300  5251.000000     0.546016     0.027743       146583 
    4.400  5049.000000     0.559667     0.028098       145877 
    4.500  5090.000000     0.387451     0.019279       144384 
    4.600  5303.000000     0.304366     0.015227       145841 
    4.700  4947.000000     0.616769     0.030542       144773 
    4.800  5153.000000     0.344230     0.017308       144099 
    4.900  5048.000000     0.034985     0.001736       144940 
    5.000  4991.000000     0.317061     0.015605       144254 
    5.100  5074.000000     0.409526     0.020927       144527 
    5.200  4698.000000     0.395539     0.019778       147534 
    5.300  5051.000000     0.463091     0.023201       145654 
    5.400  4841.000000     0.119933     0.005901       143814 
    5.500  4852.000000     0.498634     0.025133       145141 
    5.600  4978.000000     0.423502     0.021510       145806 
    5.700  4654.000000     0.640377     0.032215       143025 
    5.800  4482.000000     0.324141     0.016105       143344 
    5.900  4888.000000     0.261727     0.013049       140810 
    6.000  5123.000000     0.535473     0.026898       141888 
    6.100  5062.000000     0.629396     0.031430       140992 
    6.200  4322.000000     0.389515     0.019443       138623 
    6.300  4809.000000     0.449825     0.022431       137745 
    6.400  5116.000000     0.538549     0.026525       138887 
    6.500  5056.000000     0.133128     0.006564       138684 
    6.600  4896.000000    -0.319442    -0.015743       139985 
    6.700  5235.000000     0.156553     0.007582       139862 
    6.800  4539.000000     0.409260     0.019855       139040 
    6.900  4721.000000     0.346875     0.017186       138999 
    7.000  4737.000000     0.260815     0.012971       139185 
    7.100  4511.000000     0.401941     0.020270       138926 
    7.200  5019.000000     0.428384     0.021491       137900 
    7.300  4772.000000     0.437272     0.021783       138373 
    7.400  4715.000000     0.407432     0.020064       137214 
    7.500  4448.000000     0.368991     0.017989       137270 
    7.600  4332.000000     0.348059     0.017209       136137 
    7.700  4172.000000     0.427928     0.021937       135726 
    7.800  4206.000000     0.606135     0.030502       136720 
    7.900  4218.000000     0.451763     0.023425       138479 
    8.000  4082.000000     0.664447     0.034415       138801 
    8.100  4023.000000     0.202435     0.010070       137565 
    8.200  4352.000000     0.252615     0.012600       137820 
    8.300  4200.000000     0.561163     0.027905       136339 
    8.400  4109.000000     0.376523     0.018496       133498 
    8.500  4194.000000     0.102222     0.005218       133659 
    8.600  4372.000000     0.083093     0.004176       134110 
    8.700  4021.000000     0.234799     0.011447       133473 
    8.800  3928.000000     0.560898     0.028426       133747 
    8.900  4141.000000     0.228060     0.011548       132614 
    9.000  4411.000000     0.337965     0.016756       132596 
    9.100  4188.000000     0.465259     0.022954       133212 
    9.200  4006.000000     0.664254     0.032640       133826 
    9.300  4188.000000     0.149212     0.007436       135639 
    9.400  4335.000000     0.381809     0.018919       132424 
    9.500  4624.000000     0.171868     0.008759       132305 
    9.600  4349.000000     0.557416     0.028393       129752 
    9.700  3814.000000     0.420992     0.020736       130421 
    9.800  4135.000000     0.275865     0.013487       128935 
    9.900  4256.000000     0.311835     0.015012       127834 
   10.000  4059.000000     0.255107     0.012813       128523 
   10.100  4101.000000     0.503051     0.025659       130901 
   10.200  4155.000000     0.133301     0.006711       130316 
   10.300  4197.000000     0.300288     0.015093       129632 
   10.400  3981.000000     0.301578     0.015302       130044 
   10.500  4426.000000     0.203255     0.010521       128183 
   10.600  4145.000000     0.193651     0.009886       127284 
   10.700  4162.000000     0.578609     0.028890       127668 
   10.800  4137.000000     0.415373     0.021020       125990 
   10.900  4141.000000     0.321783     0.016172       127596 
   11.000  3766.000000     0.566130     0.028942       124854 
   11.100  4159.000000     0.312450     0.015477       126762 
   11.200  3793.000000    -0.016006    -0.000799       126620 
   11.300  4115.000000     0.242161     0.012024       127548 
   11.400  4062.000000     0.359899     0.018384       127841 
   11.500  4127.000000     0.244158     0.012207       123966 
   11.600  3793.000000     0.325932     0.016058       124468 
   11.700  3835.000000     0.056045     0.002766       123670 
   11.800  3753.000000     0.437134     0.021658       124625 
   11.900  3899.000000     0.430343     0.021829       122397 
   12.000  4210.000000     0.322354     0.016359       124153 
   12.100  3964.000000     0.097665     0.005044       126158 
   12.200  3959.000000    -0.017969    -0.000903       125306 
   12.300  4127.000000     0.558780     0.028239       123856 
   12.400  4145.000000     0.283287     0.013876       124038 
   12.500  4087.000000     0.269602     0.013274       122812 
   12.600  4053.000000     0.574423     0.028446       122785 
   12.700  3982.000000     0.153482     0.007716       120765 
   12.800  3987.000000    -0.103148    -0.005182       121823 
   12.900  4229.000000     0.465625     0.023619       120581 
   13.000  4022.000000     0.728931     0.036848       124454 
   13.100  3978.000000     0.427923     0.020962       123713 
   13.200  4284.000000     0.220994     0.010932       120884 
   13.300  3802.000000     0.110403     0.005453       119640 
   13.400  3814.000000    -0.159816    -0.007870       121320 
   13.500  4106.000000    -0.025405    -0.001285       121484 
   13.600  3866.000000     0.137363     0.006819       121147 
   13.700  3924.000000     0.447883     0.022352       122525 
   13.800  3817.000000     0.353724     0.017979       122011 
   13.900  3822.000000     0.327103     0.016065       120620 
   14.000  4248.000000     0.207761     0.010218       120537 
   14.100  4159.000000     0.436512     0.022019       120387 
   14.200  4067.000000     0.262067     0.013225       121555 
   14.300  3832.000000     0.292389     0.014915       122383 
   14.400  3929.000000     0.560238     0.027299       122212 
   14.500  4025.000000     0.291523     0.014719       123856 
   14.600  3967.000000     0.190645     0.009769       122385 
   14.700  4258.000000     0.038359     0.001932       121292 
   14.800  4247.000000     0.136690     0.006876       120663 
   14.900  4116.000000     0.293455     0.014853       120005 
   15.000  4042.000000     0.247621     0.012525       120650 
   15.100  3890.000000     0.364525     0.018586       120751 
   15.200  3693.000000     0.429071     0.021250       119707 
   15.300  4067.000000     0.563626     0.027865       116843 
   15.400  3985.000000     0.161620     0.007849       118777 
   15.500  4224.000000    -0.114706    -0.005675       118539 
   15.600  4266.000000     0.185181     0.009392       117954 
   15.700  4196.000000     0.349980     0.017548       118945 
   15.800  4036.000000     0.051878     0.002592       117495 
   15.900  3928.000000    -0.140878    -0.006837       117967 
   16.000  3853.000000    -0.067404    -0.003345       117974 
   16.100  3975.000000    -0.027723    -0.001377       116304 
   16.200  3894.000000     0.429528     0.021594       117905 
   16.300  3998.000000     0.063919     0.003173       118194 
   16.400  3950.000000     0.258370     0.012991       115793 
   16.500  4147.000000    -0.216736    -0.010733       116257 
   16.600  4179.000000     0.011711     0.000579       114954 
   16.700  4029.000000     0.281344     0.013979       116097 
   16.800  4103.000000     0.012336     0.000619       115229 
   16.900  4046.000000    -0.190670    -0.009803       115595 
   17.000  4150.000000     0.079787     0.004116       113901 
   17.100  4033.000000     0.198374     0.010277       115205 
   17.200  3918.000000     0.214493     0.011205       113576 
   17.300  3587.000000    -0.006448    -0.000335       113155 
   17.400  4075.000000    -0.069236    -0.003497       114114 
   17.500  4066.000000     0.172392     0.009004       115487 
   17.600  3710.000000     0.461615     0.024506       114042 
   17.700  3725.000000    -0.014102    -0.000729       111512 
   17.800  3697.000000     0.089710     0.004720       111666 
   17.900  3923.000000    -0.028800    -0.001456       111877 
   18.000  3784.000000     0.242415     0.012251       113266 
   18.100  4510.000000    -0.233207    -0.011497       111058 
   18.200  4128.000000    -0.166720    -0.008370       113075 
   18.300  3827.000000     0.296451     0.014804       111543 
   18.400  4258.000000     0.169636     0.008567       112887 
   18.500  4227.000000     0.365009     0.017997       113650 
   18.600  4278.000000     0.010785     0.000538       114739 
   18.700  4020.000000     0.082153     0.004106       112068 
   18.800  4276.000000     0.370981     0.018650       111657 
   18.900  4232.000000     0.267393     0.013289       114393 
   19.000  4188.000000     0.514673     0.025618       113577 
   19.100  4288.000000     0.320133     0.015469       113731 
   19.200  4440.000000     0.311936     0.015510       112014 
   19.300  4074.000000     0.605959     0.030122       112122 
   19.400  4302.000000     0.548408     0.028096       113015 
   19.500  4545.000000     0.336305     0.017104       112220 
   19.600  4301.000000     0.383485     0.018821       111306 
   19.700  4446.000000     0.904875     0.043757       112473 
   19.800  4154.000000     0.108752     0.005480       111795 
   19.900  4041.000000     0.196165     0.009847       113403 
   20.000  4344.000000     0.031300     0.001604       113210 
   20.100  4186.000000    -0.242130    -0.012370       110873 
   20.200  3888.000000    -0.349313    -0.017241       109327 
   20.300  4063.000000     0.061297     0.003061       109821 
   20.400  3984.000000     0.065781     0.003297       110044 
   20.500  4094.000000     0.156671     0.008040       110722 
   20.600  3821.000000     0.230654     0.011786       110565 
   20.700  4026.000000     0.176690     0.008960       109971 
   20.800  3852.000000     0.135997     0.006748       110253 
   20.900  3826.000000     0.045868     0.002343       108952 
   21.000  4085.000000     0.092562     0.004765       110916 
   21.100  4107.000000     0.010294     0.000504       109290 
   21.200  4160.000000    -0.195246    -0.009575       109584 
   21.300  4119.000000     0.034577     0.001648       109342 
   21.400  4003.000000     0.181567     0.008844       110863 
   21.500  3884.000000     0.157357     0.007702       108553 
   21.600  4120.000000     0.220309     0.010881       107915 
   21.700  3983.000000     0.231519     0.011467       108861 
   21.800  4035.000000     0.478940     0.023684       108120 
   21.900  3688.000000     0.507646     0.025037       108143 
   22.000  3975.000000     0.264665     0.012947       107207 
   22.100  3786.000000    -0.124828    -0.006265       107408 
   22.200  3541.000000    -0.032845    -0.001640       107385 
   22.300  3791.000000     0.257591     0.012858       107943 
   22.400  3888.000000     0.158656     0.007994       108344 
   22.500  3918.000000     0.448080     0.022654       105785 
   22.600  3896.000000     0.104588     0.005210       105864 
   22.700  4232.000000    -0.147543    -0.007332       107555 
   22.800  3850.000000    -0.074824    -0.003754       106989 
   22.900  4052.000000     0.136270     0.006778       107823 
   23.000  4180.000000     0.252751     0.012646       106857 
   23.100  4240.000000     0.273606     0.013479       106347 
   23.200  4112.000000     0.434137     0.021103       105787 
   23.300  4076.000000     0.137438     0.006750       105806 
   23.400  4115.000000    -0.196503    -0.009571       107031 
   23.500  4108.000000    -0.056318    -0.002729       107760 
   23.600  3613.000000     0.392493     0.018750       107948 
   23.700  3822.000000     0.474336     0.023417       107725 
   23.800  3710.000000    -0.016181    -0.000799       105667 
   23.900  3845.000000     0.125989     0.006221       102807 
   24.000  3863.000000     0.162581     0.007894       102185 
   24.100  3826.000000     0.088304     0.004198       102477 
   24.200  3736.000000    -0.026833    -0.001290       103699 
   24.300  3476.000000     0.301746     0.014722       106408 
   24.400  3887.000000    -0.071313    -0.003584       106517 
   24.500  3931.000000     0.033594     0.001669       106180 
   24.600  3706.000000     0.340460     0.017020       104974 
   24.700  3973.000000     0.571867     0.028985       103755 
   24.800  3784.000000     0.203497     0.010252       103256 
   24.900  3623.000000     0.150938     0.007586       102292 
   25.000  3741.000000     0.176759     0.008755       104528 
   25.100  3822.000000     0.269380     0.013270       103490 
   25.200  3719.000000     0.420631     0.020634       104975 
   25.300  3879.000000     0.324717     0.015960       103038 
   25.400  3925.000000     0.018763     0.000937       103431 
   25.500  4004.000000    -0.139799    -0.006980       103438 
   25.600  3873.000000     0.364188     0.018290       102476 
   25.700  3856.000000    -0.036417    -0.001869       103009 
   25.800  3877.000000    -0.228914    -0.011510       103117 
   25.900  3945.000000     0.146892     0.007389       102514 
   26.000  3946.000000     0.495992     0.024115       104898 
   26.100  3815.000000     0.063653     0.003125       103577 
   26.200  3511.000000     0.072508     0.003482       104772 
   26.300  3913.000000     0.503955     0.024886       104203 
   26.400  3794.000000     0.204732     0.010306       102209 
   26.500  3829.000000     0.266212     0.013355       102477 
   26.600  3650.000000    -0.073070    -0.003565       103595 
   26.700  3824.000000     0.030095     0.001471       101305 
   26.800  4041.000000    -0.336736    -0.016400       103010 
   26.900  3880.000000    -0.232338    -0.011413       103501 
   27.000  4086.000000     0.003379     0.000165       100046 
   27.100  3438.000000    -0.169955    -0.008393       100896 
   27.200  3670.000000     0.058273     0.002858       101906 
   27.300  3585.000000     0.211263     0.010259        99945 
   27.400  3316.000000    -0.068991    -0.003403       100892 
   27.500  3416.000000     0.047612     0.002377        99301 
   27.600  3854.000000    -0.060378    -0.003059        99850 
   27.700  3703.000000     0.280828     0.013927       101745 
   27.800  3331.000000    -0.336570    -0.016696       102201 
   27.900  3592.000000    -0.023229    -0.001136       100052 
   28.000  3458.000000     0.101512     0.005050        97479 
   28.100  3138.000000    -0.244791    -0.012361        97663 
   28.200  3256.000000    -0.106163    -0.005435        98018 
   28.300  3216.000000    -0.082178    -0.004207        97910 
   28.400  3270.000000    -0.294552    -0.014733        97598 
   28.500  2972.000000    -0.127025    -0.006322        97252 
   28.600  3331.000000     0.287403     0.014193        98521 
   28.700  3146.000000    -0.035833    -0.001761        97705 
   28.800  2963.000000    -0.038774    -0.001888        99373 
   28.900  3225.000000     0.158324     0.007697        99947 
   29.000  3277.000000    -0.104357    -0.005089        98706 
   29.100  3429.000000    -0.206883    -0.010110        98206 
   29.200  3150.000000    -0.087845    -0.004348        99292 
   29.300  3319.000000    -0.199983    -0.009890       100517 
   29.400  3521.000000    -0.054126    -0.002599        98142 
   29.500  3403.000000    -0.416036    -0.020075        97988 
   29.600  3392.000000    -0.187972    -0.008966        98767 
   29.700  3266.000000    -0.317341    -0.015663        99492 
   29.800  3624.000000    -0.059890    -0.002909        96471 
   29.900  3604.000000    -0.493056    -0.025523        96776 
   30.000  3322.000000     0.117054     0.005877       100379 
   30.100  3131.000000     0.298664     0.014848        98814 
   30.200  3124.000000     0.209211     0.010277        99930 
   30.300  3441.000000    -0.412343    -0.020582        98186 
   30.400  3265.000000    -0.015569    -0.000773        99881 
   30.500  3631.000000     0.103147     0.004977       100736 
   30.600  3224.000000     0.202727     0.010010        97860 
   30.700  3293.000000     0.367474     0.018247        97120 
   30.800  3336.000000    -0.226544    -0.010628        96608 
   30.900  3320.000000    -0.071080    -0.003414        98110 
   31.000  3172.000000    -0.094912    -0.004702        97037 
   31.100  3400.000000     0.466520     0.023285        94715 
   31.200  3550.000000     0.464534     0.022662        96758 
   31.300  3188.000000     0.420890     0.021006        94963 
   31.400  3247.000000     0.432203     0.021798        96509 
   31.500  3110.000000     0.173873     0.008927        96152 
   31.600  2854.000000    -0.193194    -0.009594        95973 
   31.700  2863.000000    -0.137484    -0.006787        95554 
   31.800  2966.000000    -0.008979    -0.000440        94530 
   31.900  3156.000000     0.172454     0.008400        94523 
   32.000  3003.000000     0.213878     0.010563        95549 
   32.100  2922.000000     0.094276     0.004664        93941 
   32.200  3013.000000     0.347788     0.017038        95355 
   32.300  2843.000000     0.336115     0.016723        93771 
   32.400  3018.000000     0.251890     0.012389        93818 
   32.500  2626.000000    -0.055554    -0.002798        93221 
   32.600  2996.000000     0.276296     0.013933        93593 
   32.700  2618.000000     0.006856     0.000341        93811 
   32.800  2993.000000     0.001543     0.000075        93798 
   32.900  2962.000000     0.150333     0.007382        93525 
   33.000  2538.000000    -0.059911    -0.002965        93895 
   33.100  2591.000000     0.227199     0.011170        93813 
   33.200  2917.000000     0.515313     0.025599        93769 
   33.300  2890.000000    -0.084311    -0.004229        93543 
   33.400  2813.000000     0.051756     0.002604        93677 
   33.500  3050.000000    -0.165145    -0.008259        93066 
   33.600  2695.000000    -0.277791    -0.013946        94538 
   33.700  3254.000000    -0.299294    -0.014644        93956 
   33.800  2877.000000     0.272691     0.013177        95642 
   33.900  2950.000000    -0.133544    -0.006447        95896 
   34.000  2752.000000    -0.065167    -0.003127        93214 
   34.100  3100.000000    -0.111659    -0.005427        92990 
   34.200  3015.000000    -0.159835    -0.007891        92986 
   34.300  2959.000000    -0.054538    -0.002734        92403 
   34.400  2969.000000     0.027910     0.001353        93292 
   34.500  2971.000000     0.054720     0.002689        92481 
   34.600  2825.000000     0.495330     0.024166        91879 
   34.700  2722.000000     0.327395     0.016164        93469 
   34.800  2641.000000    -0.145685    -0.007271        93498 
   34.900  2619.000000    -0.005984    -0.000306        90931 
   35.000  3064.000000     0.113207     0.005802        90257 
   35.100  2672.000000     0.023547     0.001157        91523 
   35.200  2771.000000    -0.193486    -0.009506        91204 
   35.300  2677.000000    -0.185839    -0.009484        90038 
   35.400  2836.000000    -0.376797    -0.018743        89463 
   35.500  2630.000000     0.193918     0.009606        91892 
   35.600  2511.000000     0.304192     0.015151        92746 
   35.700  2663.000000    -0.108941    -0.005370        91822 
   35.800  2547.000000    -0.322314    -0.016083        91137 
   35.900  2877.000000    -0.273316    -0.013956        92629 
   36.000  2495.000000    -0.152798    -0.007679        92660 
   36.100  2771.000000     0.011214     0.000558        91962 
   36.200  2676.000000    -0.219876    -0.011310        89606 
   36.300  2835.000000    -0.240385    -0.012044        90231 
   36.400  2718.000000     0.071318     0.003513        90666 
   36.500  2610.000000     0.231303     0.011793        90232 
   36.600  2460.000000    -0.364298    -0.018318        88304 
   36.700  2653.000000    -0.026192    -0.001261        88854 
   36.800  2638.000000     0.054456     0.002675        89672 
   36.900  2399.000000     0.258187     0.012867        90724 
   37.000  2620.000000     0.243976     0.011940        91588 
   37.100  2603.000000     0.613682     0.030116        90056 
   37.200  2776.000000     0.293261     0.014391        91602 
   37.300  2834.000000    -0.081119    -0.003947        91241 
   37.400  2671.000000     0.371520     0.017953        91235 
   37.500  2797.000000     0.152502     0.007424        90258 
   37.600  2790.000000     0.302571     0.015287        90281 
   37.700  2529.000000    -0.027551    -0.001391        90296 
   37.800  2531.000000     0.112578     0.005607        91118 
   37.900  2891.000000     0.009442     0.000490        91733 
   38.000  2886.000000     0.002508     0.000127        90961 
   38.100  2783.000000    -0.189841    -0.009474        88522 
   38.200  2560.000000     0.215032     0.011108        90346 
   38.300  2609.000000     0.018308     0.000931        91400 
   38.400  2499.000000    -0.234249    -0.011561        88780 
   38.500  2746.000000     0.106543     0.005547        87578 
   38.600  2789.000000    -0.130570    -0.006595        86506 
   38.700  2799.000000     0.068279     0.003375        86653 
   38.800  2867.000000     0.220948     0.010630        88203 
   38.900  2743.000000     0.331947     0.016102        88196 
   39.000  2611.000000     0.238678     0.011576        87964 
   39.100  2654.000000     0.073064     0.003626        87073 
   39.200  3017.000000     0.010886     0.000546        87034 
   39.300  2500.000000     0.158856     0.007778        88182 
   39.400  2633.000000     0.480039     0.023752        86780 
   39.500  2546.000000     0.193038     0.009417        86996 
   39.600  2594.000000    -0.285638    -0.014613        86968 
   39.700  2944.000000     0.244223     0.012223        89409 
   39.800  2767.000000     0.023125     0.001140        88015 
   39.900  2895.000000    -0.101420    -0.005108        87704 
   40.000  2734.000000     0.064659     0.003213        87493 
