 ##Z-score and correlation:: rolloff.ref  binsize:     0.001000
    0.100   100.639986     4.754999     0.227680       116095 
    0.200    74.547698     3.010859     0.150086       167225 
    0.300    58.437144     2.354270     0.119952       172924 
    0.400    50.071888     2.102666     0.103464       171528 
    0.500    48.594878     2.028295     0.101522       171751 
    0.600    42.793840     1.783354     0.089284       172192 
    0.700    38.681326     1.631563     0.081590       168339 
    0.800    40.814093     1.757566     0.086686       168267 
    0.900    33.367365     1.434667     0.070446       170411 
    1.000    29.484201     1.278728     0.062494       169817 
    1.100    28.448901     1.223995     0.060332       168045 
    1.200    28.422033     1.242562     0.060262       169424 
    1.300    30.664776     1.349890     0.065137       167805 
    1.400    30.262116     1.306942     0.064672       165495 
    1.500    31.472058     1.361934     0.067550       163017 
    1.600    24.946144     1.068022     0.054099       162289 
    1.700    22.522274     0.946700     0.048972       162610 
    1.800    22.801924     0.974518     0.048884       164198 
    1.900    19.068008     0.830517     0.041114       163213 
    2.000    18.273448     0.801515     0.039641       161691 
    2.100    17.355628     0.760595     0.037368       163969 
    2.200    14.053843     0.622428     0.030269       161573 
    2.300    18.743532     0.820631     0.040876       161516 
    2.400    16.420849     0.709748     0.035689       161561 
    2.500    16.731586     0.735336     0.036904       157304 
    2.600    15.849277     0.684652     0.035323       155168 
    2.700    16.838493     0.727079     0.037488       156239 
    2.800    19.260540     0.838090     0.042507       155510 
    2.900    17.812417     0.792560     0.039715       154047 
    3.000    12.568255     0.563747     0.027554       157645 
    3.100    12.190536     0.549761     0.027104       155450 
    3.200     8.876884     0.399286     0.019490       156072 
    3.300    12.852655     0.565979     0.028322       156851 
    3.400    18.945911     0.818920     0.042223       155143 
    3.500    17.510917     0.771888     0.038549       155085 
    3.600    17.306993     0.775758     0.038554       153670 
    3.700    13.190623     0.587899     0.029363       153048 
    3.800     2.591125     0.116146     0.005776       153868 
    3.900    10.385312     0.479303     0.023246       151049 
    4.000    13.362054     0.592672     0.029682       153393 
    4.100    12.735815     0.571876     0.028474       151863 
    4.200    11.938345     0.528392     0.026484       152924 
    4.300    11.939794     0.522084     0.026622       151834 
    4.400    12.418800     0.551501     0.027840       150926 
    4.500     8.901642     0.403223     0.020178       149474 
    4.600     8.435046     0.379101     0.018965       151144 
    4.700    13.985771     0.636146     0.031549       149720 
    4.800     8.366932     0.375624     0.018898       149252 
    4.900     0.035810     0.001617     0.000080       149988 
    5.000     6.212956     0.282884     0.013981       149245 
    5.100     9.129276     0.402680     0.020670       149601 
    5.200     9.515453     0.419776     0.021147       152232 
    5.300    10.678831     0.478197     0.024076       150705 
    5.400     1.990436     0.090550     0.004468       148655 
    5.500    10.424284     0.466477     0.023682       149993 
    5.600     9.487503     0.421204     0.021451       150784 
    5.700    13.311400     0.600613     0.030340       147679 
    5.800     8.446349     0.386921     0.019324       147826 
    5.900     5.697928     0.262640     0.013072       145698 
    6.000    11.362463     0.516678     0.025951       147011 
    6.100    13.052432     0.596651     0.029894       146054 
    6.200     8.854490     0.410492     0.020560       142945 
    6.300     9.278433     0.430650     0.021583       142554 
    6.400     9.426837     0.442315     0.021877       144003 
    6.500     2.441678     0.114446     0.005646       143740 
    6.600    -5.794719    -0.269170    -0.013342       144881 
    6.700     3.241347     0.153182     0.007451       145097 
    6.800     8.309534     0.390929     0.019095       143579 
    6.900     7.527900     0.352591     0.017470       143720 
    7.000     5.957732     0.278059     0.013872       143922 
    7.100     8.073462     0.371379     0.018766       143437 
    7.200     9.611921     0.445528     0.022368       142919 
    7.300    10.176325     0.476053     0.023827       143145 
    7.400     9.334805     0.439636     0.021717       141929 
    7.500     8.073210     0.382530     0.018719       141718 
    7.600     7.830834     0.365702     0.018118       140469 
    7.700     9.239398     0.422572     0.021711       139898 
    7.800    12.954403     0.596781     0.030054       140926 
    7.900    10.403052     0.466810     0.024174       142697 
    8.000    13.946396     0.622580     0.032201       142883 
    8.100     4.138248     0.194242     0.009656       141588 
    8.200     4.471922     0.210010     0.010470       142172 
    8.300    10.810468     0.506361     0.025225       140539 
    8.400     7.214020     0.345474     0.017010       137607 
    8.500     1.756806     0.081527     0.004163       137853 
    8.600     2.173364     0.101115     0.005077       138482 
    8.700     3.700740     0.177678     0.008683       137494 
    8.800    11.398466     0.529042     0.026878       137675 
    8.900     4.160795     0.196066     0.009931       136755 
    9.000     5.933322     0.282902     0.014077       137007 
    9.100     7.823577     0.368008     0.018209       137400 
    9.200    12.490124     0.594309     0.029315       137832 
    9.300     2.284429     0.108149     0.005375       139827 
    9.400     7.763719     0.368634     0.018280       136759 
    9.500     2.398705     0.111003     0.005664       136929 
    9.600    10.210110     0.482025     0.024621       134101 
    9.700     7.548504     0.364138     0.017972       134235 
    9.800     4.322423     0.212230     0.010368       133070 
    9.900     5.651930     0.280854     0.013564       132090 
   10.000     4.435904     0.211730     0.010670       132582 
   10.100    10.380909     0.486007     0.024837       135002 
   10.200     2.098228     0.099723     0.005029       134471 
   10.300     5.222006     0.248580     0.012520       133829 
   10.400     5.095089     0.240498     0.012232       134025 
   10.500     4.083483     0.191298     0.009902       132609 
   10.600     4.595560     0.215477     0.011023       131429 
   10.700    11.710414     0.562289     0.028143       131830 
   10.800     7.772279     0.371539     0.018805       130127 
   10.900     6.739746     0.322869     0.016224       131737 
   11.000    11.959157     0.568380     0.029188       128620 
   11.100     7.017025     0.339147     0.016856       130921 
   11.200    -0.180285    -0.008751    -0.000437       130413 
   11.300     3.748912     0.182573     0.009066       131663 
   11.400     7.612854     0.358372     0.018316       131903 
   11.500     5.003562     0.242668     0.012165       128093 
   11.600     7.413924     0.368311     0.018233       128261 
   11.700     2.341826     0.115769     0.005740       127505 
   11.800     8.372927     0.409795     0.020357       128378 
   11.900     8.356529     0.408737     0.020779       126296 
   12.000     6.112780     0.296353     0.015062       128363 
   12.100     1.482883     0.070370     0.003634       130122 
   12.200    -0.284336    -0.013816    -0.000693       129265 
   12.300    11.229255     0.544497     0.027530       127983 
   12.400     4.481520     0.224634     0.011003       128183 
   12.500     4.603436     0.228694     0.011284       126899 
   12.600    10.875366     0.543060     0.026861       126838 
   12.700     2.580273     0.126292     0.006370       124747 
   12.800    -2.926482    -0.143734    -0.007241       125810 
   12.900     9.424689     0.457475     0.023276       124810 
   13.000    13.815296     0.667146     0.033703       128476 
   13.100     8.695265     0.427279     0.021046       127691 
   13.200     4.711437     0.232496     0.011554       125168 
   13.300     2.202255     0.111333     0.005507       123442 
   13.400    -3.157101    -0.158415    -0.007807       125134 
   13.500    -1.268539    -0.061664    -0.003119       125590 
   13.600     3.322477     0.165288     0.008242       125013 
   13.700     9.915691     0.484858     0.024310       126449 
   13.800     7.555942     0.365897     0.018610       125828 
   13.900     7.331007     0.369203     0.018120       124442 
   14.000     4.814286     0.241186     0.011868       124785 
   14.100     8.874100     0.437967     0.022172       124546 
   14.200     5.185478     0.256069     0.012896       125622 
   14.300     5.452061     0.265222     0.013504       126215 
   14.400     9.588707     0.480725     0.023467       126141 
   14.500     6.561453     0.318732     0.016115       127881 
   14.600     3.765762     0.180819     0.009261       126352 
   14.700     0.629313     0.031022     0.001563       125550 
   14.800     3.218885     0.159806     0.008033       124910 
   14.900     5.936511     0.292950     0.014818       124121 
   15.000     5.466702     0.266368     0.013504       124692 
   15.100     7.411311     0.361106     0.018445       124641 
   15.200     8.233227     0.407522     0.020268       123400 
   15.300    11.242660     0.566606     0.028115       120910 
   15.400     4.262100     0.215882     0.010545       122762 
   15.500    -1.662511    -0.084128    -0.004180       122763 
   15.600     4.874238     0.242029     0.012293       122220 
   15.700     7.750236     0.384462     0.019274       123141 
   15.800     1.875906     0.094025     0.004693       121531 
   15.900    -1.675749    -0.085727    -0.004187       121895 
   16.000    -1.202139    -0.060876    -0.003019       121827 
   16.100    -0.205127    -0.010521    -0.000524       120279 
   16.200     7.266362     0.362541     0.018221       121799 
   16.300     1.787863     0.090154     0.004474       122192 
   16.400     3.833264     0.193040     0.009757       119743 
   16.500    -4.020362    -0.204366    -0.010131       120404 
   16.600     0.182984     0.009349     0.000464       119133 
   16.700     5.456242     0.274207     0.013616       120126 
   16.800     0.481667     0.024487     0.001229       119332 
   16.900    -2.997390    -0.148438    -0.007621       119641 
   17.000     1.987820     0.099165     0.005112       118051 
   17.100     3.801877     0.186039     0.009642       119238 
   17.200     4.003160     0.196819     0.010301       117494 
   17.300    -0.031162    -0.001546    -0.000080       116742 
   17.400    -2.023841    -0.102227    -0.005176       118189 
   17.500     4.182413     0.202631     0.010587       119553 
   17.600     9.414578     0.457319     0.024280       117752 
   17.700     0.055507     0.002777     0.000143       115237 
   17.800     0.497736     0.024779     0.001301       115363 
   17.900    -0.720016    -0.036899    -0.001860       115800 
   18.000     3.991079     0.203171     0.010266       117050 
   18.100    -4.243674    -0.221197    -0.010943       115568 
   18.200    -3.895902    -0.199954    -0.010024       117203 
   18.300     4.830302     0.248414     0.012352       115370 
   18.400     2.481382     0.126187     0.006346       117145 
   18.500     7.700450     0.394971     0.019510       117877 
   18.600     0.152355     0.007760     0.000388       119017 
   18.700     2.025380     0.104039     0.005186       116088 
   18.800     8.981613     0.457885     0.022930       115933 
   18.900     7.242436     0.368506     0.018341       118625 
   19.000    10.898962     0.556671     0.027778       117765 
   19.100     6.425298     0.333433     0.016182       118019 
   19.200     6.169439     0.318010     0.015797       116454 
   19.300    10.887446     0.559368     0.027799       116196 
   19.400    10.089727     0.502461     0.025866       117317 
   19.500     6.987866     0.352443     0.018029       116765 
   19.600     6.540657     0.342028     0.016864       115607 
   19.700    16.614578     0.874734     0.042524       116919 
   19.800     1.483415     0.075942     0.003833       115949 
   19.900     4.441472     0.226838     0.011404       117444 
   20.000     1.299451     0.065257     0.003339       117554 
   20.100    -1.656295    -0.084022    -0.004309       115059 
   20.200    -5.546315    -0.291226    -0.014405       113215 
   20.300     2.280573     0.117803     0.005888       113884 
   20.400     1.699691     0.088244     0.004437       114028 
   20.500     3.593328     0.181335     0.009343       114816 
   20.600     3.747262     0.192407     0.009834       114386 
   20.700     2.920578     0.151047     0.007667       113997 
   20.800     3.351478     0.174078     0.008686       114105 
   20.900     1.993358     0.101671     0.005225       112778 
   21.000     1.585611     0.080463     0.004131       115001 
   21.100    -0.950033    -0.050596    -0.002482       113397 
   21.200    -3.156216    -0.167006    -0.008202       113744 
   21.300     0.505383     0.027560     0.001317       113461 
   21.400     3.184517     0.169060     0.008265       114866 
   21.500     2.677069     0.142165     0.006985       112437 
   21.600     2.814107     0.148584     0.007391       112035 
   21.700     3.941134     0.207013     0.010290       112844 
   21.800     8.182966     0.432035     0.021529       112155 
   21.900     9.512175     0.506237     0.025019       111831 
   22.000     4.972185     0.265049     0.012998       111182 
   22.100     0.172365     0.009036     0.000453       111194 
   22.200    -0.457856    -0.024072    -0.001204       110926 
   22.300     4.852337     0.257744     0.012876       111734 
   22.400     3.715639     0.192810     0.009770       112232 
   22.500     8.602675     0.451629     0.022800       109703 
   22.600     3.022942     0.161215     0.008048       109760 
   22.700    -2.269731    -0.118408    -0.005893       111787 
   22.800    -2.630146    -0.136514    -0.006851       110839 
   22.900     0.229357     0.011985     0.000596       111875 
   23.000     5.520834     0.289666     0.014507       111037 
   23.100     4.568616     0.244465     0.012058       110587 
   23.200     8.432520     0.455729     0.022277       109899 
   23.300     2.052171     0.110127     0.005438       109882 
   23.400    -3.834537    -0.206840    -0.010082       111146 
   23.500    -1.515243    -0.081038    -0.003957       111868 
   23.600     6.349710     0.347108     0.016712       111561 
   23.700     7.437109     0.399263     0.019786       111547 
   23.800    -0.894132    -0.048130    -0.002394       109377 
   23.900     2.008479     0.108242     0.005402       106652 
   24.000     3.007421     0.167065     0.008104       106048 
   24.100     0.785534     0.043814     0.002091       106303 
   24.200    -0.851403    -0.046847    -0.002273       107435 
   24.300     4.682934     0.251816     0.012320       109884 
   24.400    -1.314189    -0.068977    -0.003485       110404 
   24.500    -0.198121    -0.010526    -0.000523       110111 
   24.600     6.087440     0.324432     0.016201       108680 
   24.700    10.696495     0.562499     0.028636       107728 
   24.800     2.653657     0.141682     0.007134       107040 
   24.900     2.580322     0.137690     0.006937       105915 
   25.000     2.506101     0.134461     0.006673       108269 
   25.100     5.520458     0.294907     0.014650       107312 
   25.200     9.072139     0.486019     0.023981       108694 
   25.300     6.598975     0.357065     0.017695       106917 
   25.400     1.338778     0.071698     0.003573       107356 
   25.500    -1.260313    -0.067245    -0.003384       107442 
   25.600     5.658843     0.300828     0.015268       106349 
   25.700    -0.708788    -0.037112    -0.001914       106865 
   25.800    -3.788825    -0.201260    -0.010176       106994 
   25.900     4.533852     0.241481     0.012276       106459 
   26.000    10.076437     0.547820     0.026748       108844 
   26.100     2.388594     0.129373     0.006363       107392 
   26.200     1.650395     0.090366     0.004351       108283 
   26.300     9.115125     0.494473     0.024448       108116 
   26.400     3.524617     0.188573     0.009506       106003 
   26.500     5.846660     0.315328     0.015795       106306 
   26.600    -0.010596    -0.000580    -0.000028       107245 
   26.700     0.780164     0.043284     0.002113       105129 
   26.800    -5.178749    -0.281740    -0.013852       107051 
   26.900    -4.162375    -0.224505    -0.011080       107381 
   27.000     0.415778     0.022851     0.001121       104132 
   27.100    -3.703287    -0.202384    -0.010061       104334 
   27.200     1.572948     0.084576     0.004211       105576 
   27.300     4.173340     0.230125     0.011226       103530 
   27.400    -1.106070    -0.059876    -0.002974       104208 
   27.500     1.856820     0.101723     0.005091       102717 
   27.600     1.048640     0.056387     0.002878       103704 
   27.700     4.793297     0.259888     0.012847       105448 
   27.800    -5.554255    -0.300721    -0.014890       105532 
   27.900    -0.332379    -0.018356    -0.000899       103644 
   28.000     2.729420     0.152417     0.007571       100937 
   28.100    -3.014746    -0.164491    -0.008285       100801 
   28.200    -0.605196    -0.032388    -0.001658       101274 
   28.300    -1.212456    -0.065662    -0.003359       101126 
   28.400    -3.856258    -0.213234    -0.010690       100868 
   28.500    -1.274829    -0.070107    -0.003512       100224 
   28.600     4.415102     0.242016     0.011984       101852 
   28.700    -0.833805    -0.047045    -0.002312       100851 
   28.800    -0.225145    -0.012508    -0.000616       102336 
   28.900     2.729486     0.152585     0.007436       103172 
   29.000    -1.405252    -0.078171    -0.003839       101983 
   29.100    -4.221210    -0.236836    -0.011614       101635 
   29.200    -0.684032    -0.038174    -0.001890       102442 
   29.300    -3.188432    -0.175100    -0.008699       103836 
   29.400    -1.428312    -0.081454    -0.003942       101663 
   29.500    -5.813743    -0.336432    -0.016266       101391 
   29.600    -4.154758    -0.236933    -0.011303       102159 
   29.700    -5.713239    -0.317849    -0.015659       102758 
   29.800    -2.370979    -0.134149    -0.006508       100095 
   29.900    -9.312391    -0.500437    -0.025795       100380 
   30.000     3.080944     0.167774     0.008407       103701 
   30.100     4.631722     0.256415     0.012749       101945 
   30.200     3.230795     0.180264     0.008848       103054 
   30.300    -8.781822    -0.488060    -0.024476       101627 
   30.400    -0.714646    -0.038987    -0.001935       103146 
   30.500     2.442257     0.136439     0.006593       104367 
   30.600     3.820840     0.215277     0.010632       101084 
   30.700     5.200229     0.291095     0.014477       100413 
   30.800    -3.607694    -0.211814    -0.009967        99944 
   30.900    -2.874536    -0.162509    -0.007875       101430 
   31.000    -2.689680    -0.149311    -0.007426       100209 
   31.100     9.259177     0.520274     0.026165        98115 
   31.200     8.439342     0.477002     0.023395       100308 
   31.300     6.727369     0.378462     0.018884        98151 
   31.400     6.528045     0.359834     0.018190        99756 
   31.500     2.432039     0.132795     0.006812        99262 
   31.600    -3.845381    -0.217912    -0.010795        98827 
   31.700    -2.046020    -0.115282    -0.005695        98417 
   31.800    -0.307377    -0.017433    -0.000856        97496 
   31.900     3.617208     0.208632     0.010157        97679 
   32.000     3.940864     0.224041     0.011060        98552 
   32.100     2.005052     0.112717     0.005575        96863 
   32.200     6.164894     0.347355     0.016995        98368 
   32.300     6.774788     0.383953     0.019228        96614 
   32.400     3.798903     0.217060     0.010686        96836 
   32.500    -1.953968    -0.108488    -0.005490        95847 
   32.600     5.155404     0.286980     0.014522        96589 
   32.700     1.883693     0.106120     0.005291        96429 
   32.800     0.766775     0.043977     0.002146        96791 
   32.900     2.439312     0.138855     0.006823        96487 
   33.000    -1.935836    -0.110680    -0.005488        96433 
   33.100     1.997248     0.115147     0.005686        96404 
   33.200     7.170140     0.410531     0.020441        96686 
   33.300    -1.877677    -0.105802    -0.005314        96433 
   33.400     0.405822     0.022932     0.001154        96490 
   33.500    -2.835152    -0.160403    -0.008003        96116 
   33.600    -5.092756    -0.286978    -0.014387        97233 
   33.700    -5.056060    -0.290650    -0.014136        97210 
   33.800     6.042091     0.347301     0.016789        98519 
   33.900    -0.776788    -0.044163    -0.002138        98846 
   34.000    -0.457359    -0.026696    -0.001283        95966 
   34.100    -2.600885    -0.150408    -0.007327        96090 
   34.200    -2.752563    -0.157326    -0.007815        96001 
   34.300    -0.083294    -0.004741    -0.000237        95362 
   34.400     0.348140     0.020180     0.000977        96261 
   34.500     1.509582     0.086652     0.004254        95452 
   34.600     8.450672     0.490160     0.023924        94704 
   34.700     5.672557     0.322459     0.015958        96191 
   34.800    -3.230890    -0.179852    -0.009006        96139 
   34.900    -0.584132    -0.032922    -0.001679        93550 
   35.000     2.402314     0.134622     0.006900        93321 
   35.100    -0.889426    -0.051983    -0.002559        94195 
   35.200    -4.261676    -0.248804    -0.012271        93975 
   35.300    -3.136411    -0.176954    -0.009015        92715 
   35.400    -6.160100    -0.355203    -0.017655        92299 
   35.500     1.648728     0.094666     0.004702        94522 
   35.600     5.503500     0.311758     0.015535        95257 
   35.700    -2.048887    -0.118038    -0.005807        94485 
   35.800    -6.211909    -0.354479    -0.017668        93684 
   35.900    -5.617695    -0.312206    -0.015899        95506 
   36.000    -2.873418    -0.163609    -0.008207        95155 
   36.100    -0.431155    -0.024864    -0.001239        94733 
   36.200    -3.781821    -0.216405    -0.011066        92282 
   36.300    -5.594318    -0.324165    -0.016303        93066 
   36.400     0.171462     0.009962     0.000492        93384 
   36.500     3.153600     0.177939     0.009081        92842 
   36.600    -7.614745    -0.440234    -0.022259        90764 
   36.700    -2.088640    -0.124512    -0.006017        91507 
   36.800    -0.811615    -0.047233    -0.002323        92310 
   36.900     3.936808     0.226817     0.011291        93123 
   37.000     3.637115     0.214178     0.010509        94208 
   37.100     9.759674     0.572937     0.028148        92659 
   37.200     3.818633     0.220022     0.010826        94378 
   37.300    -1.812888    -0.106365    -0.005182        94075 
   37.400     5.872732     0.346993     0.016807        93906 
   37.500     2.590458     0.152080     0.007421        93055 
   37.600     4.503842     0.254754     0.012839        93071 
   37.700    -1.000982    -0.057121    -0.002876        92825 
   37.800     2.249858     0.129014     0.006412        93649 
   37.900     0.103732     0.005737     0.000298        94624 
   38.000    -0.091566    -0.005188    -0.000262        93847 
   38.100    -3.339415    -0.192341    -0.009600        91305 
   38.200     3.284859     0.182617     0.009426        92906 
   38.300     0.375510     0.021170     0.001089        94009 
   38.400    -3.524200    -0.208310    -0.010315        91279 
   38.500     3.006264     0.170802     0.008903        90324 
   38.600    -2.097571    -0.122725    -0.006207        89295 
   38.700     0.969027     0.056814     0.002813        89452 
   38.800     4.535096     0.273199     0.013181        91070 
   38.900     8.165040     0.485009     0.023583        90939 
   39.000     4.145202     0.246367     0.011977        90575 
   39.100     1.571286     0.093101     0.004625        89727 
   39.200    -0.053249    -0.003118    -0.000157        90051 
   39.300     4.143878     0.245101     0.012091        90682 
   39.400     7.697712     0.450228     0.022319        89413 
   39.500     2.122117     0.126114     0.006186        89542 
   39.600    -4.807942    -0.276876    -0.014168        89562 
   39.700     5.054599     0.290730     0.014541        92353 
   39.800     1.643938     0.097612     0.004813        90782 
   39.900    -1.391070    -0.080919    -0.004074        90599 
   40.000     0.766522     0.045300     0.002244        90227 
