## Jackknife output: chrom 4
    0.100  4930.000000     4.723178     0.226101       111165 
    0.200  7057.000000     2.998432     0.149632       160168 
    0.300  7602.000000     2.364732     0.120194       165322 
    0.400  7524.000000     2.085882     0.102751       164004 
    0.500  7787.000000     1.995320     0.100032       163964 
    0.600  7846.000000     1.781311     0.089418       164346 
    0.700  7353.000000     1.640089     0.081880       160986 
    0.800  8055.000000     1.800017     0.088764       160212 
    0.900  7769.000000     1.422750     0.069654       162642 
    1.000  7979.000000     1.243050     0.060651       161838 
    1.100  7734.000000     1.191318     0.058690       160311 
    1.200  8110.000000     1.230926     0.059884       161314 
    1.300  7592.000000     1.339950     0.064795       160213 
    1.400  7417.000000     1.313054     0.065239       158078 
    1.500  7610.000000     1.399750     0.069713       155407 
    1.600  7471.000000     1.038567     0.052896       154818 
    1.700  6896.000000     0.957815     0.049628       155714 
    1.800  7156.000000     1.032602     0.052016       157042 
    1.900  7237.000000     0.848674     0.042152       155976 
    2.000  6693.000000     0.797032     0.039438       154998 
    2.100  7033.000000     0.741548     0.036468       156936 
    2.200  7133.000000     0.605236     0.029477       154440 
    2.300  6775.000000     0.826617     0.041246       154741 
    2.400  7039.000000     0.716008     0.036144       154522 
    2.500  6844.000000     0.735721     0.037026       150460 
    2.600  6794.000000     0.671427     0.034722       148374 
    2.700  6362.000000     0.783050     0.040358       149877 
    2.800  6519.000000     0.868619     0.044236       148991 
    2.900  6862.000000     0.795558     0.040024       147185 
    3.000  6649.000000     0.610648     0.029935       150996 
    3.100  6867.000000     0.520652     0.025831       148583 
    3.200  7548.000000     0.456844     0.022338       148524 
    3.300  7145.000000     0.574085     0.028832       149706 
    3.400  6710.000000     0.885209     0.045639       148433 
    3.500  6366.000000     0.792136     0.039706       148719 
    3.600  6948.000000     0.841831     0.041918       146722 
    3.700  7308.000000     0.650027     0.032515       145740 
    3.800  6843.000000     0.126608     0.006319       147025 
    3.900  6973.000000     0.477811     0.023316       144076 
    4.000  6607.000000     0.567524     0.028547       146786 
    4.100  6752.000000     0.585747     0.029232       145111 
    4.200  6777.000000     0.581685     0.029193       146147 
    4.300  6316.000000     0.536144     0.027511       145518 
    4.400  6684.000000     0.553225     0.027988       144242 
    4.500  6460.000000     0.437402     0.021976       143014 
    4.600  6650.000000     0.407177     0.020480       144494 
    4.700  6508.000000     0.623128     0.030934       143212 
    4.800  6820.000000     0.411144     0.020785       142432 
    4.900  6611.000000     0.010184     0.000509       143377 
    5.000  6650.000000     0.349542     0.017337       142595 
    5.100  6534.000000     0.429906     0.022157       143067 
    5.200  6635.000000     0.486963     0.024598       145597 
    5.300  6362.000000     0.571992     0.028889       144343 
    5.400  6335.000000     0.114041     0.005658       142320 
    5.500  6133.000000     0.489211     0.024893       143860 
    5.600  6564.000000     0.465688     0.023819       144220 
    5.700  6834.000000     0.623819     0.031675       140845 
    5.800  6630.000000     0.418186     0.020948       141196 
    5.900  6409.000000     0.251043     0.012550       139289 
    6.000  6455.000000     0.528356     0.026591       140556 
    6.100  6930.000000     0.623072     0.031246       139124 
    6.200  6344.000000     0.485372     0.024356       136601 
    6.300  6532.000000     0.465757     0.023465       136022 
    6.400  6282.000000     0.409803     0.020338       137721 
    6.500  6376.000000     0.112489     0.005543       137364 
    6.600  6097.000000    -0.280731    -0.013929       138784 
    6.700  6290.000000     0.120827     0.005885       138807 
    6.800  6172.000000     0.308719     0.015063       137407 
    6.900  6089.000000     0.340379     0.016881       137631 
    7.000  6040.000000     0.257189     0.012865       137882 
    7.100  5742.000000     0.351470     0.017817       137695 
    7.200  5982.000000     0.487272     0.024498       136937 
    7.300  6212.000000     0.504122     0.025297       136933 
    7.400  5832.000000     0.506837     0.025080       136097 
    7.500  6276.000000     0.438651     0.021499       135442 
    7.600  5796.000000     0.384656     0.019104       134673 
    7.700  6076.000000     0.437702     0.022541       133822 
    7.800  6283.000000     0.591272     0.029855       134643 
    7.900  6367.000000     0.467675     0.024352       136330 
    8.000  6670.000000     0.615378     0.032129       136213 
    8.100  6345.000000     0.142824     0.007131       135243 
    8.200  6286.000000     0.196464     0.009831       135886 
    8.300  6462.000000     0.530840     0.026493       134077 
    8.400  6036.000000     0.326117     0.016119       131571 
    8.500  5956.000000     0.110218     0.005641       131897 
    8.600  6096.000000     0.134785     0.006770       132386 
    8.700  6121.000000     0.218846     0.010715       131373 
    8.800  6093.000000     0.572432     0.029075       131582 
    8.900  6193.000000     0.211151     0.010716       130562 
    9.000  6010.000000     0.265343     0.013254       130997 
    9.100  6390.000000     0.353424     0.017494       131010 
    9.200  6558.000000     0.600295     0.029645       131274 
    9.300  6847.000000     0.195669     0.009729       132980 
    9.400  6822.000000     0.370182     0.018262       129937 
    9.500  6608.000000     0.106005     0.005401       130321 
    9.600  6120.000000     0.522421     0.026750       127981 
    9.700  6398.000000     0.371195     0.018390       127837 
    9.800  6187.000000     0.175895     0.008602       126883 
    9.900  6291.000000     0.294740     0.014255       125799 
   10.000  5905.000000     0.219400     0.011082       126677 
   10.100  6044.000000     0.486097     0.024875       128958 
   10.200  5959.000000     0.067293     0.003402       128512 
   10.300  6100.000000     0.201890     0.010198       127729 
   10.400  6464.000000     0.233322     0.011890       127561 
   10.500  6072.000000     0.160622     0.008347       126537 
   10.600  6341.000000     0.205322     0.010547       125088 
   10.700  5972.000000     0.559611     0.028184       125858 
   10.800  6174.000000     0.413999     0.021101       123953 
   10.900  6306.000000     0.394154     0.019919       125431 
   11.000  5826.000000     0.567707     0.029346       122794 
   11.100  6045.000000     0.351167     0.017567       124876 
   11.200  6225.000000    -0.015431    -0.000771       124188 
   11.300  6459.000000     0.198456     0.009868       125204 
   11.400  6247.000000     0.309925     0.015859       125656 
   11.500  5779.000000     0.203972     0.010294       122314 
   11.600  6104.000000     0.360959     0.017909       122157 
   11.700  6150.000000     0.091620     0.004556       121355 
   11.800  5998.000000     0.421762     0.021039       122380 
   11.900  5969.000000     0.364246     0.018623       120327 
   12.000  5940.000000     0.293786     0.014982       122423 
   12.100  6021.000000     0.089454     0.004628       124101 
   12.200  6101.000000     0.001452     0.000073       123164 
   12.300  6048.000000     0.527332     0.026656       121935 
   12.400  6373.000000     0.228451     0.011188       121810 
   12.500  6230.000000     0.187441     0.009298       120669 
   12.600  6252.000000     0.574927     0.028542       120586 
   12.700  6129.000000     0.136348     0.006903       118618 
   12.800  5900.000000    -0.189215    -0.009572       119910 
   12.900  5425.000000     0.439598     0.022539       119385 
   13.000  6133.000000     0.672063     0.034152       122343 
   13.100  6093.000000     0.441896     0.021825       121598 
   13.200  6254.000000     0.266604     0.013329       118914 
   13.300  5695.000000     0.103076     0.005116       117747 
   13.400  6186.000000    -0.130278    -0.006433       118948 
   13.500  6398.000000    -0.054551    -0.002762       119192 
   13.600  6198.000000     0.212847     0.010655       118815 
   13.700  5884.000000     0.499057     0.025059       120565 
   13.800  6522.000000     0.364433     0.018530       119306 
   13.900  6305.000000     0.382265     0.018797       118137 
   14.000  6402.000000     0.361451     0.017778       118383 
   14.100  5829.000000     0.458405     0.023195       118717 
   14.200  5942.000000     0.241035     0.012160       119680 
   14.300  6178.000000     0.243449     0.012469       120037 
   14.400  6643.000000     0.492295     0.024150       119498 
   14.500  6435.000000     0.325080     0.016527       121446 
   14.600  6445.000000     0.152793     0.007847       119907 
   14.700  6125.000000     0.025261     0.001273       119425 
   14.800  6188.000000     0.148508     0.007489       118722 
   14.900  5744.000000     0.254912     0.012938       118377 
   15.000  6295.000000     0.241708     0.012317       118397 
   15.100  6310.000000     0.381718     0.019569       118331 
   15.200  6257.000000     0.433164     0.021617       117143 
   15.300  6267.000000     0.591362     0.029508       114643 
   15.400  6174.000000     0.266779     0.013057       116588 
   15.500  6235.000000     0.009210     0.000460       116528 
   15.600  6165.000000     0.278392     0.014187       116055 
   15.700  6312.000000     0.436804     0.021995       116829 
   15.800  5954.000000     0.103076     0.005166       115577 
   15.900  6024.000000    -0.064754    -0.003176       115871 
   16.000  5932.000000    -0.047477    -0.002368       115895 
   16.100  6156.000000    -0.059795    -0.002986       114123 
   16.200  5952.000000     0.324621     0.016370       115847 
   16.300  6157.000000     0.086314     0.004317       116035 
   16.400  5897.000000     0.170386     0.008649       113846 
   16.500  5333.000000    -0.202282    -0.010063       115071 
   16.600  5665.000000    -0.004550    -0.000226       113468 
   16.700  5747.000000     0.297026     0.014750       114379 
   16.800  5689.000000    -0.017068    -0.000858       113643 
   16.900  5709.000000    -0.114764    -0.005920       113932 
   17.000  5830.000000     0.136724     0.007076       112221 
   17.100  5999.000000     0.224210     0.011666       113239 
   17.200  5694.000000     0.242161     0.012756       111800 
   17.300  5941.000000     0.011491     0.000597       110801 
   17.400  5305.000000    -0.130083    -0.006601       112884 
   17.500  5923.000000     0.294499     0.015414       113630 
   17.600  6344.000000     0.402168     0.021472       111408 
   17.700  6130.000000    -0.114923    -0.005967       109107 
   17.800  6041.000000    -0.028998    -0.001530       109322 
   17.900  5854.000000     0.018072     0.000917       109946 
   18.000  5623.000000     0.212821     0.010773       111427 
   18.100  5567.000000    -0.210187    -0.010397       110001 
   18.200  5414.000000    -0.169728    -0.008520       111789 
   18.300  5720.000000     0.279715     0.013981       109650 
   18.400  5825.000000     0.119016     0.006018       111320 
   18.500  5592.000000     0.424304     0.021080       112285 
   18.600  5649.000000    -0.080577    -0.004034       113368 
   18.700  5654.000000     0.061094     0.003044       110434 
   18.800  6314.000000     0.504415     0.025489       109619 
   18.900  6292.000000     0.413677     0.020595       112333 
   19.000  6007.000000     0.647094     0.032403       111758 
   19.100  5990.000000     0.401394     0.019506       112029 
   19.200  5635.000000     0.268365     0.013335       110819 
   19.300  5533.000000     0.551721     0.027545       110663 
   19.400  5734.000000     0.492735     0.025483       111583 
   19.500  5939.000000     0.307312     0.015801       110826 
   19.600  5999.000000     0.348152     0.017259       109608 
   19.700  5510.000000     0.890409     0.043552       111409 
   19.800  5873.000000     0.148550     0.007508       110076 
   19.900  5951.000000     0.284721     0.014394       111493 
   20.000  6026.000000     0.114916     0.005891       111528 
   20.100  6026.000000     0.001473     0.000076       109033 
   20.200  6279.000000    -0.256138    -0.012699       106936 
   20.300  5957.000000     0.136950     0.006884       107927 
   20.400  5691.000000     0.159693     0.008085       108337 
   20.500  5537.000000     0.174045     0.009032       109279 
   20.600  5518.000000     0.204926     0.010554       108868 
   20.700  5896.000000     0.231276     0.011731       108101 
   20.800  5811.000000     0.194906     0.009733       108294 
   20.900  5755.000000     0.158469     0.008151       107023 
   21.000  5568.000000     0.146626     0.007562       109433 
   21.100  5691.000000     0.003689     0.000181       107706 
   21.200  5990.000000    -0.160431    -0.007922       107754 
   21.300  6080.000000    -0.013158    -0.000629       107381 
   21.400  6208.000000     0.188475     0.009251       108658 
   21.500  5660.000000     0.185758     0.009163       106777 
   21.600  5446.000000     0.187634     0.009321       106589 
   21.700  5952.000000     0.187666     0.009349       106892 
   21.800  5354.000000     0.467188     0.023466       106801 
   21.900  5431.000000     0.488791     0.024319       106400 
   22.000  5566.000000     0.213201     0.010528       105616 
   22.100  5731.000000     0.010618     0.000532       105463 
   22.200  5421.000000    -0.010996    -0.000549       105505 
   22.300  5206.000000     0.248670     0.012427       106528 
   22.400  5735.000000     0.201443     0.010227       106497 
   22.500  5503.000000     0.485203     0.024641       104200 
   22.600  5768.000000     0.207984     0.010432       103992 
   22.700  5582.000000    -0.148456    -0.007413       106205 
   22.800  5579.000000    -0.156351    -0.007843       105260 
   22.900  5385.000000    -0.030250    -0.001506       106490 
   23.000  5250.000000     0.308889     0.015506       105787 
   23.100  5456.000000     0.173233     0.008503       105131 
   23.200  5504.000000     0.368475     0.017973       104395 
   23.300  5471.000000     0.064053     0.003167       104411 
   23.400  5842.000000    -0.213871    -0.010433       105304 
   23.500  5610.000000    -0.109391    -0.005354       106258 
   23.600  5430.000000     0.287429     0.013877       106131 
   23.700  5416.000000     0.352537     0.017554       106131 
   23.800  5726.000000    -0.080455    -0.004015       103651 
   23.900  5220.000000     0.137124     0.006850       101432 
   24.000  5437.000000     0.214033     0.010395       100611 
   24.100  5142.000000     0.057240     0.002742       101161 
   24.200  5134.000000    -0.093172    -0.004542       102301 
   24.300  5743.000000     0.167792     0.008222       104141 
   24.400  5672.000000    -0.172176    -0.008696       104732 
   24.500  5255.000000    -0.102946    -0.005124       104856 
   24.600  5464.000000     0.278001     0.013896       103216 
   24.700  5574.000000     0.604192     0.030786       102154 
   24.800  5380.000000     0.126819     0.006400       101660 
   24.900  5488.000000     0.153868     0.007798       100427 
   25.000  5712.000000     0.146534     0.007305       102557 
   25.100  5489.000000     0.299895     0.014974       101823 
   25.200  5353.000000     0.445194     0.021984       103341 
   25.300  5461.000000     0.370784     0.018451       101456 
   25.400  5221.000000     0.126119     0.006308       102135 
   25.500  5406.000000    -0.049079    -0.002481       102036 
   25.600  5703.000000     0.309907     0.015788       100646 
   25.700  5442.000000    -0.001453    -0.000075       101423 
   25.800  5718.000000    -0.208264    -0.010569       101276 
   25.900  5274.000000     0.266210     0.013599       101185 
   26.000  5642.000000     0.608058     0.029708       103202 
   26.100  5721.000000     0.184970     0.009102       101671 
   26.200  5909.000000     0.180799     0.008729       102374 
   26.300  5673.000000     0.507526     0.025189       102443 
   26.400  5707.000000     0.214307     0.010848       100296 
   26.500  5527.000000     0.309031     0.015525       100779 
   26.600  5567.000000     0.034333     0.001682       101678 
   26.700  5434.000000     0.018321     0.000900        99695 
   26.800  5497.000000    -0.280098    -0.013899       101554 
   26.900  5716.000000    -0.182472    -0.009015       101665 
   27.000  5826.000000     0.132261     0.006505        98306 
   27.100  5459.000000    -0.243911    -0.012125        98875 
   27.200  5428.000000     0.046194     0.002302       100148 
   27.300  5099.000000     0.245215     0.011998        98431 
   27.400  5231.000000    -0.059956    -0.002984        98977 
   27.500  5086.000000     0.122316     0.006161        97631 
   27.600  5320.000000     0.111886     0.005742        98384 
   27.700  5064.000000     0.270061     0.013409       100384 
   27.800  5196.000000    -0.315641    -0.015638       100336 
   27.900  5351.000000    -0.028378    -0.001387        98293 
   28.000  5213.000000     0.166818     0.008282        95724 
   28.100  5652.000000    -0.164181    -0.008284        95149 
   28.200  5217.000000    -0.002762    -0.000142        96057 
   28.300  4868.000000    -0.005771    -0.000296        96258 
   28.400  4909.000000    -0.231074    -0.011592        95959 
   28.500  5070.000000    -0.073356    -0.003682        95154 
   28.600  5060.000000     0.266079     0.013194        96792 
   28.700  5365.000000    -0.004106    -0.000203        95486 
   28.800  5587.000000     0.000384     0.000019        96749 
   28.900  5174.000000     0.201004     0.009850        97998 
   29.000  4776.000000    -0.044065    -0.002172        97207 
   29.100  5216.000000    -0.370949    -0.018096        96419 
   29.200  5407.000000    -0.053780    -0.002658        97035 
   29.300  5605.000000    -0.185164    -0.009242        98231 
   29.400  5822.000000    -0.078734    -0.003808        95841 
   29.500  5837.000000    -0.357872    -0.017405        95554 
   29.600  5462.000000    -0.260849    -0.012533        96697 
   29.700  5765.000000    -0.252563    -0.012529        96993 
   29.800  5537.000000    -0.087867    -0.004263        94558 
   29.900  5608.000000    -0.409798    -0.021240        94772 
   30.000  5756.000000     0.194503     0.009807        97945 
   30.100  5918.000000     0.187454     0.009332        96027 
   30.200  5756.000000     0.150250     0.007427        97298 
   30.300  5507.000000    -0.437170    -0.021970        96120 
   30.400  5702.000000    -0.016453    -0.000820        97444 
   30.500  5915.000000     0.150881     0.007312        98452 
   30.600  6095.000000     0.234152     0.011600        94989 
   30.700  5998.000000     0.232389     0.011589        94415 
   30.800  5772.000000    -0.112730    -0.005325        94172 
   30.900  6149.000000    -0.201234    -0.009786        95281 
   31.000  5809.000000    -0.113348    -0.005654        94400 
   31.100  5524.000000     0.530582     0.026727        92591 
   31.200  5795.000000     0.435434     0.021406        94513 
   31.300  5572.000000     0.373736     0.018748        92579 
   31.400  5771.000000     0.359374     0.018343        93985 
   31.500  5639.000000     0.136043     0.007032        93623 
   31.600  5584.000000    -0.182554    -0.009073        93243 
   31.700  5496.000000    -0.134848    -0.006716        92921 
   31.800  5566.000000     0.055425     0.002737        91930 
   31.900  4984.000000     0.216472     0.010570        92695 
   32.000  5849.000000     0.227004     0.011295        92703 
   32.100  5432.000000     0.075723     0.003755        91431 
   32.200  5295.000000     0.364644     0.017932        93073 
   32.300  5361.000000     0.372697     0.018756        91253 
   32.400  5451.000000     0.136944     0.006789        91385 
   32.500  5653.000000    -0.177202    -0.009008        90194 
   32.600  5878.000000     0.265985     0.013473        90711 
   32.700  5461.000000     0.117971     0.005906        90968 
   32.800  5337.000000     0.040801     0.002005        91454 
   32.900  5222.000000     0.131091     0.006443        91265 
   33.000  5513.000000    -0.159015    -0.007939        90920 
   33.100  4926.000000     0.171327     0.008482        91478 
   33.200  5494.000000     0.337804     0.016816        91192 
   33.300  5772.000000    -0.096695    -0.004870        90661 
   33.400  5368.000000     0.057010     0.002880        91122 
   33.500  5254.000000    -0.201490    -0.010128        90862 
   33.600  5337.000000    -0.330216    -0.016579        91896 
   33.700  5630.000000    -0.304275    -0.014823        91580 
   33.800  5691.000000     0.351159     0.017002        92828 
   33.900  5525.000000    -0.053703    -0.002598        93321 
   34.000  5364.000000    -0.022754    -0.001094        90602 
   34.100  5361.000000    -0.181354    -0.008852        90729 
   34.200  4993.000000    -0.221229    -0.010988        91008 
   34.300  5024.000000    -0.053702    -0.002686        90338 
   34.400  5506.000000     0.028535     0.001378        90755 
   34.500  5316.000000     0.084820     0.004176        90136 
   34.600  5596.000000     0.553265     0.026949        89108 
   34.700  5757.000000     0.351466     0.017558        90434 
   34.800  5585.000000    -0.203842    -0.010326        90554 
   34.900  5620.000000    -0.063707    -0.003287        87930 
   35.000  5456.000000     0.057205     0.002953        87865 
   35.100  5321.000000    -0.106723    -0.005267        88874 
   35.200  5362.000000    -0.251536    -0.012481        88613 
   35.300  5197.000000    -0.216150    -0.011075        87518 
   35.400  5425.000000    -0.318584    -0.015880        86874 
   35.500  5502.000000     0.033013     0.001647        89020 
   35.600  5816.000000     0.314034     0.015601        89441 
   35.700  5232.000000    -0.192791    -0.009514        89253 
   35.800  5227.000000    -0.388630    -0.019376        88457 
   35.900  5292.000000    -0.316611    -0.016168        90214 
   36.000  5443.000000    -0.200578    -0.010097        89712 
   36.100  5427.000000    -0.078676    -0.003946        89306 
   36.200  5399.000000    -0.308538    -0.015905        86883 
   36.300  5111.000000    -0.405548    -0.020491        87955 
   36.400  5281.000000    -0.076722    -0.003797        88103 
   36.500  5391.000000     0.159113     0.008161        87451 
   36.600  5561.000000    -0.454355    -0.023009        85203 
   36.700  5679.000000    -0.072153    -0.003488        85828 
   36.800  5542.000000    -0.099468    -0.004889        86768 
   36.900  5693.000000     0.085979     0.004280        87430 
   37.000  5328.000000     0.149639     0.007340        88880 
   37.100  5235.000000     0.521626     0.025648        87424 
   37.200  5256.000000     0.175564     0.008661        89122 
   37.300  5145.000000    -0.152942    -0.007462        88930 
   37.400  5448.000000     0.366351     0.017813        88458 
   37.500  5147.000000     0.259989     0.012695        87908 
   37.600  5207.000000     0.235509     0.011904        87864 
   37.700  5610.000000    -0.064849    -0.003272        87215 
   37.800  5306.000000     0.131701     0.006583        88343 
   37.900  5092.000000     0.086758     0.004557        89532 
   38.000  5170.000000     0.017367     0.000881        88677 
   38.100  4684.000000    -0.181507    -0.009118        86621 
   38.200  4623.000000     0.198087     0.010292        88283 
   38.300  5031.000000     0.106253     0.005505        88978 
   38.400  5082.000000    -0.132562    -0.006564        86197 
   38.500  5527.000000     0.249162     0.013046        84797 
   38.600  5123.000000    -0.072279    -0.003678        84172 
   38.700  5266.000000     0.058229     0.002912        84186 
   38.800  5628.000000     0.281081     0.013695        85442 
   38.900  5323.000000     0.543075     0.026594        85616 
   39.000  5214.000000     0.366415     0.017914        85361 
   39.100  4927.000000     0.176928     0.008818        84800 
   39.200  5345.000000     0.100260     0.005018        84706 
   39.300  4963.000000     0.314277     0.015543        85719 
   39.400  4854.000000     0.552604     0.027462        84559 
   39.500  4814.000000     0.156534     0.007741        84728 
   39.600  4764.000000    -0.254740    -0.013180        84798 
   39.700  5124.000000     0.341243     0.017207        87229 
   39.800  5147.000000     0.176299     0.008748        85635 
   39.900  4862.000000    -0.042972    -0.002180        85737 
   40.000  5349.000000     0.124684     0.006179        84878 
