## Jackknife output: chrom 2
    0.100  8336.000000     4.740249     0.224051       107759 
    0.200 12483.000000     2.971434     0.147034       154742 
    0.300 12769.000000     2.215067     0.112056       160155 
    0.400 13114.000000     2.007676     0.097877       158414 
    0.500 12725.000000     1.953342     0.096422       159026 
    0.600 12854.000000     1.706459     0.084218       159338 
    0.700 12515.000000     1.694532     0.083117       155824 
    0.800 12258.000000     1.756379     0.085482       156009 
    0.900 12951.000000     1.521334     0.073721       157460 
    1.000 12634.000000     1.410614     0.068298       157183 
    1.100 12412.000000     1.367119     0.066161       155633 
    1.200 12939.000000     1.236892     0.059270       156485 
    1.300 12258.000000     1.398105     0.066994       155547 
    1.400 12281.000000     1.332796     0.065333       153214 
    1.500 12167.000000     1.348485     0.065530       150850 
    1.600 12772.000000     1.051577     0.052480       149517 
    1.700 12767.000000     0.911297     0.046396       149843 
    1.800 12505.000000     0.982829     0.048677       151693 
    1.900 13272.000000     0.833465     0.041082       149941 
    2.000 13140.000000     0.837820     0.041439       148551 
    2.100 12351.000000     0.752569     0.036797       151618 
    2.200 12528.000000     0.602393     0.029180       149045 
    2.300 12042.000000     0.852078     0.042163       149474 
    2.400 11992.000000     0.876704     0.043614       149569 
    2.500 11553.000000     0.786317     0.039194       145751 
    2.600 11431.000000     0.775456     0.039571       143737 
    2.700 11525.000000     0.750139     0.038258       144714 
    2.800 12501.000000     0.797327     0.039917       143009 
    2.900 11604.000000     0.673519     0.032802       142443 
    3.000 12500.000000     0.560347     0.027061       145145 
    3.100 11986.000000     0.576892     0.028098       143464 
    3.200 11911.000000     0.397701     0.019330       144161 
    3.300 11826.000000     0.537400     0.026582       145025 
    3.400 11701.000000     0.838212     0.042681       143442 
    3.500 11550.000000     0.731394     0.036070       143535 
    3.600 11931.000000     0.755040     0.037053       141739 
    3.700 11861.000000     0.577197     0.028383       141187 
    3.800 12190.000000     0.038684     0.001906       141678 
    3.900 12624.000000     0.398695     0.019030       138425 
    4.000 12458.000000     0.421831     0.020582       140935 
    4.100 11770.000000     0.449900     0.022098       140093 
    4.200 12022.000000     0.462746     0.022922       140902 
    4.300 11387.000000     0.466748     0.023291       140447 
    4.400 11660.000000     0.521908     0.026030       139266 
    4.500 11567.000000     0.454739     0.022549       137907 
    4.600 11559.000000     0.324422     0.016060       139585 
    4.700 11334.000000     0.603948     0.029814       138386 
    4.800 11055.000000     0.306096     0.015242       138197 
    4.900 11003.000000    -0.083356    -0.004076       138985 
    5.000 11959.000000     0.181238     0.008817       137286 
    5.100 12135.000000     0.379376     0.019074       137466 
    5.200 11671.000000     0.369315     0.018293       140561 
    5.300 12397.000000     0.426578     0.021225       138308 
    5.400 12058.000000     0.019601     0.000949       136597 
    5.500 12190.000000     0.362068     0.018081       137803 
    5.600 12421.000000     0.343929     0.017227       138363 
    5.700 11926.000000     0.344739     0.016914       135753 
    5.800 11730.000000     0.218799     0.010820       136096 
    5.900 11287.000000     0.261872     0.012883       134411 
    6.000 11603.000000     0.561698     0.027891       135408 
    6.100 11780.000000     0.522946     0.025846       134274 
    6.200 11287.000000     0.312278     0.015416       131658 
    6.300 11147.000000     0.363002     0.017876       131407 
    6.400 11253.000000     0.432002     0.021115       132750 
    6.500 10992.000000     0.119374     0.005831       132748 
    6.600 11341.000000    -0.321576    -0.015767       133540 
    6.700 11484.000000     0.133978     0.006466       133613 
    6.800 11160.000000     0.422981     0.020563       132419 
    6.900 10657.000000     0.410688     0.020269       133063 
    7.000 10494.000000     0.362816     0.017802       133428 
    7.100 10720.000000     0.411292     0.020402       132717 
    7.200 10691.000000     0.605579     0.030024       132228 
    7.300 10980.000000     0.507088     0.025042       132165 
    7.400 10827.000000     0.318441     0.015451       131102 
    7.500 10831.000000     0.381752     0.018493       130887 
    7.600 10891.000000     0.405015     0.019831       129578 
    7.700 10647.000000     0.390038     0.019865       129251 
    7.800 11104.000000     0.525915     0.026227       129822 
    7.900 11139.000000     0.434713     0.021980       131558 
    8.000 10934.000000     0.568220     0.028985       131949 
    8.100 11478.000000     0.127091     0.006228       130110 
    8.200 11054.000000     0.210316     0.010400       131118 
    8.300 10929.000000     0.446834     0.021987       129610 
    8.400 10770.000000     0.416224     0.020295       126837 
    8.500 10110.000000     0.018050     0.000905       127743 
    8.600 10698.000000     0.020775     0.001011       127784 
    8.700 10582.000000     0.163546     0.007887       126912 
    8.800 10906.000000     0.428560     0.021261       126769 
    8.900 11461.000000    -0.008326    -0.000410       125294 
    9.000 10799.000000     0.185135     0.008929       126208 
    9.100 11291.000000     0.400328     0.019264       126109 
    9.200 10777.000000     0.579933     0.028119       127055 
    9.300 11059.000000     0.013230     0.000647       128768 
    9.400 10755.000000     0.445066     0.021575       126004 
    9.500 10640.000000     0.029470     0.001463       126289 
    9.600 10301.000000     0.470351     0.023334       123800 
    9.700 10602.000000     0.353370     0.017160       123633 
    9.800 10355.000000     0.205620     0.010019       122715 
    9.900 10150.000000     0.261903     0.012567       121940 
   10.000 10337.000000     0.211189     0.010617       122245 
   10.100  9923.000000     0.533109     0.027211       125079 
   10.200 10146.000000     0.023374     0.001168       124325 
   10.300 10254.000000     0.243182     0.011930       123575 
   10.400 10111.000000     0.287933     0.014244       123914 
   10.500 10645.000000     0.167938     0.008493       121964 
   10.600 10183.000000     0.291964     0.014352       121246 
   10.700 10190.000000     0.555412     0.027306       121640 
   10.800 10246.000000     0.390783     0.019492       119881 
   10.900 11067.000000     0.400629     0.019855       120670 
   11.000 10977.000000     0.543563     0.027457       117643 
   11.100 11068.000000     0.396321     0.019241       119853 
   11.200 11197.000000     0.019731     0.000958       119216 
   11.300 11051.000000     0.141492     0.006921       120612 
   11.400 11459.000000     0.282513     0.014029       120444 
   11.500 10750.000000     0.155890     0.007693       117343 
   11.600 10629.000000     0.429635     0.020932       117632 
   11.700 10705.000000     0.250872     0.012168       116800 
   11.800 10319.000000     0.438124     0.021548       118059 
   11.900 10063.000000     0.498182     0.024973       116233 
   12.000 10079.000000     0.324213     0.016214       118284 
   12.100 10278.000000     0.053962     0.002751       119844 
   12.200 10265.000000    -0.061822    -0.003046       119000 
   12.300  9223.000000     0.548585     0.027436       118760 
   12.400  9313.000000     0.320668     0.015643       118870 
   12.500  9901.000000     0.317543     0.015598       116998 
   12.600  9906.000000     0.636704     0.031151       116932 
   12.700  9604.000000     0.148933     0.007473       115143 
   12.800  9744.000000    -0.227832    -0.011374       116066 
   12.900  9996.000000     0.355997     0.017739       114814 
   13.000 10540.000000     0.614892     0.030811       117936 
   13.100 10274.000000     0.387870     0.018935       117417 
   13.200 10286.000000     0.263313     0.012956       114882 
   13.300 10174.000000     0.058188     0.002847       113268 
   13.400 10454.000000    -0.191910    -0.009410       114680 
   13.500  9995.000000    -0.160477    -0.008116       115595 
   13.600 10232.000000     0.039617     0.001974       114781 
   13.700 10075.000000     0.489013     0.024353       116374 
   13.800 10240.000000     0.447927     0.022841       115588 
   13.900 10181.000000     0.530188     0.025897       114261 
   14.000  9602.000000     0.256605     0.012530       115183 
   14.100  9934.000000     0.461129     0.023263       114612 
   14.200  9567.000000     0.312965     0.015566       116055 
   14.300  9468.000000     0.239900     0.011980       116747 
   14.400  9406.000000     0.388072     0.018652       116735 
   14.500  9875.000000     0.221321     0.010808       118006 
   14.600 10352.000000     0.033160     0.001646       116000 
   14.700 10180.000000    -0.051598    -0.002566       115370 
   14.800 10175.000000     0.038038     0.001895       114735 
   14.900 10324.000000     0.298648     0.014993       113797 
   15.000 10612.000000     0.030086     0.001507       114080 
   15.100 10283.000000     0.153789     0.007782       114358 
   15.200 10161.000000     0.442560     0.021924       113239 
   15.300  9754.000000     0.551866     0.026951       111156 
   15.400  9935.000000     0.233674     0.011202       112827 
   15.500 10050.000000    -0.029004    -0.001441       112713 
   15.600 10113.000000     0.285705     0.014425       112107 
   15.700 10006.000000     0.502478     0.024890       113135 
   15.800 10021.000000     0.101716     0.005028       111510 
   15.900  9691.000000    -0.195214    -0.009320       112204 
   16.000  9809.000000    -0.172810    -0.008404       112018 
   16.100  9766.000000    -0.021416    -0.001044       110513 
   16.200  9597.000000     0.365095     0.018027       112202 
   16.300  9421.000000     0.035851     0.001763       112771 
   16.400  9892.000000     0.060195     0.002980       109851 
   16.500  9862.000000    -0.200281    -0.009692       110542 
   16.600  9569.000000     0.090370     0.004425       109564 
   16.700  9680.000000     0.311449     0.015333       110446 
   16.800 10119.000000     0.041756     0.002076       109213 
   16.900 10393.000000    -0.096829    -0.004919       109248 
   17.000 10191.000000     0.137169     0.006970       107860 
   17.100 10109.000000     0.111780     0.005623       109129 
   17.200  9384.000000     0.124642     0.006417       108110 
   17.300  9474.000000     0.064340     0.003307       107268 
   17.400 10071.000000     0.025591     0.001278       108118 
   17.500 10211.000000     0.317232     0.016248       109342 
   17.600 10034.000000     0.371710     0.019522       107718 
   17.700  9992.000000     0.060752     0.003108       105245 
   17.800  9455.000000     0.131478     0.006816       105908 
   17.900 10062.000000    -0.024113    -0.001213       105738 
   18.000  9579.000000     0.277105     0.013883       107471 
   18.100  9575.000000    -0.197719    -0.009762       105993 
   18.200 10251.000000    -0.165131    -0.008204       106952 
   18.300  9688.000000     0.386978     0.019172       105682 
   18.400  9207.000000     0.148224     0.007458       107938 
   18.500  9703.000000     0.489202     0.024202       108174 
   18.600  9884.000000     0.073325     0.003657       109133 
   18.700  9802.000000     0.074239     0.003668       106286 
   18.800  9522.000000     0.399934     0.019788       106411 
   18.900 10260.000000     0.342194     0.016747       108365 
   19.000  9653.000000     0.511772     0.025235       108112 
   19.100 10542.000000     0.233034     0.011182       107477 
   19.200 10177.000000     0.469501     0.023093       106277 
   19.300  9945.000000     0.590806     0.029055       106251 
   19.400 10160.000000     0.592207     0.030318       107157 
   19.500  9895.000000     0.269043     0.013618       106870 
   19.600  9820.000000     0.286368     0.013969       105787 
   19.700  9659.000000     0.919480     0.044452       107260 
   19.800  9969.000000     0.143137     0.007131       105980 
   19.900  9818.000000     0.338181     0.016712       107626 
   20.000  9595.000000     0.097787     0.004910       107959 
   20.100  9431.000000    -0.112413    -0.005726       105628 
   20.200  9204.000000    -0.326433    -0.016056       104011 
   20.300  9181.000000     0.087488     0.004296       104703 
   20.400  9389.000000     0.072698     0.003592       104639 
   20.500  9840.000000     0.347653     0.017727       104976 
   20.600  9417.000000     0.311242     0.015582       104969 
   20.700  9723.000000     0.121995     0.006069       104274 
   20.800  9388.000000     0.137953     0.006755       104717 
   20.900  9595.000000     0.049187     0.002484       103183 
   21.000  9622.000000     0.011135     0.000564       105379 
   21.100  9248.000000    -0.154055    -0.007459       104149 
   21.200  9029.000000    -0.240594    -0.011661       104715 
   21.300  9601.000000    -0.046808    -0.002212       103860 
   21.400  8795.000000     0.173352     0.008410       106071 
   21.500  8222.000000     0.044857     0.002175       104215 
   21.600  8833.000000    -0.016255    -0.000796       103202 
   21.700  8305.000000     0.184924     0.009145       104539 
   21.800  8823.000000     0.354585     0.017383       103332 
   21.900  9031.000000     0.379274     0.018409       102800 
   22.000  8947.000000     0.251344     0.012188       102235 
   22.100  9169.000000     0.063950     0.003172       102025 
   22.200  9277.000000    -0.126997    -0.006214       101649 
   22.300  8838.000000     0.265316     0.013101       102896 
   22.400  9476.000000     0.171515     0.008655       102756 
   22.500  9441.000000     0.328922     0.016421       100262 
   22.600  8614.000000     0.142109     0.007070       101146 
   22.700  9247.000000    -0.159215    -0.007866       102540 
   22.800  8806.000000    -0.248682    -0.012493       102033 
   22.900  9170.000000    -0.110077    -0.005450       102705 
   23.000  9392.000000     0.301718     0.015003       101645 
   23.100  8860.000000     0.320216     0.015582       101727 
   23.200  9125.000000     0.618626     0.029973       100774 
   23.300  9186.000000     0.199440     0.009768       100696 
   23.400  9107.000000    -0.178273    -0.008612       102039 
   23.500  8849.000000    -0.126988    -0.006148       103019 
   23.600  9176.000000     0.307539     0.014718       102385 
   23.700  9138.000000     0.469200     0.023045       102409 
   23.800  8633.000000     0.000906     0.000045       100744 
   23.900  8794.000000     0.094498     0.004714        97858 
   24.000  8764.000000     0.106808     0.005148        97284 
   24.100  9105.000000     0.118551     0.005632        97198 
   24.200  9545.000000    -0.043467    -0.002089        97890 
   24.300  9793.000000     0.120919     0.005861       100091 
   24.400  9218.000000    -0.082217    -0.004138       101186 
   24.500  9174.000000     0.055845     0.002740       100937 
   24.600  9014.000000     0.336278     0.016709        99666 
   24.700  8895.000000     0.560408     0.028333        98833 
   24.800  8491.000000     0.181986     0.009006        98549 
   24.900  8279.000000     0.123201     0.006119        97636 
   25.000  8556.000000     0.060443     0.002970        99713 
   25.100  8891.000000     0.131175     0.006467        98421 
   25.200  8926.000000     0.401798     0.019483        99768 
   25.300  8616.000000     0.357556     0.017631        98301 
   25.400  8974.000000     0.089827     0.004407        98382 
   25.500  9173.000000     0.043869     0.002194        98269 
   25.600  8639.000000     0.425842     0.021548        97710 
   25.700  9133.000000    -0.040790    -0.002094        97732 
   25.800  9455.000000    -0.225191    -0.011199        97539 
   25.900  8895.000000     0.292628     0.014785        97564 
   26.000  9063.000000     0.671108     0.032177        99781 
   26.100  9232.000000     0.181724     0.008815        98160 
   26.200  9402.000000     0.116992     0.005574        98881 
   26.300  9645.000000     0.448889     0.021935        98471 
   26.400  9090.000000     0.128805     0.006432        96913 
   26.500  8756.000000     0.281637     0.013937        97550 
   26.600  9013.000000    -0.128071    -0.006173        98232 
   26.700  8453.000000    -0.094594    -0.004563        96676 
   26.800  8475.000000    -0.316721    -0.015307        98576 
   26.900  8951.000000    -0.267487    -0.013090        98430 
   27.000  8347.000000     0.059615     0.002888        95785 
   27.100  8333.000000    -0.136723    -0.006693        96001 
   27.200  8633.000000     0.115448     0.005740        96943 
   27.300  8140.000000     0.277111     0.013396        95390 
   27.400  8411.000000    -0.043521    -0.002147        95797 
   27.500  8139.000000     0.145194     0.007186        94578 
   27.600  8426.000000     0.071747     0.003648        95278 
   27.700  8553.000000     0.220045     0.010810        96895 
   27.800  9169.000000    -0.216068    -0.010599        96363 
   27.900  7800.000000     0.063265     0.003076        95844 
   28.000  8059.000000     0.187301     0.009192        92878 
   28.100  8407.000000    -0.173226    -0.008594        92394 
   28.200  8325.000000     0.026302     0.001314        92949 
   28.300  8531.000000    -0.055013    -0.002760        92595 
   28.400  8998.000000    -0.079986    -0.003931        91870 
   28.500  9360.000000     0.093537     0.004597        90864 
   28.600  9682.000000     0.261881     0.012652        92170 
   28.700  9258.000000     0.082992     0.004037        91593 
   28.800  8951.000000     0.006318     0.000308        93385 
   28.900  8765.000000     0.073708     0.003521        94407 
   29.000  8481.000000    -0.218615    -0.010551        93502 
   29.100  8112.000000    -0.280895    -0.013487        93523 
   29.200  8277.000000     0.016955     0.000824        94165 
   29.300  8486.000000    -0.209506    -0.010220        95350 
   29.400  8696.000000    -0.115421    -0.005539        92967 
   29.500  9011.000000    -0.242036    -0.011498        92380 
   29.600  8922.000000    -0.099034    -0.004638        93237 
   29.700  9124.000000    -0.296528    -0.014141        93634 
   29.800  8121.000000    -0.190251    -0.009112        91974 
   29.900  8212.000000    -0.527488    -0.027059        92168 
   30.000  9143.000000     0.133740     0.006621        94558 
   30.100  8632.000000     0.186605     0.009091        93313 
   30.200  8940.000000     0.082355     0.004019        94114 
   30.300  8590.000000    -0.520747    -0.025887        93037 
   30.400  8747.000000     0.047213     0.002308        94399 
   30.500  8573.000000     0.045330     0.002159        95794 
   30.600  8264.000000     0.319141     0.015398        92820 
   30.700  8636.000000     0.174260     0.008589        91777 
   30.800  8880.000000    -0.242895    -0.011410        91064 
   30.900  8682.000000    -0.184672    -0.008941        92748 
   31.000  8415.000000    -0.220167    -0.010842        91794 
   31.100  8501.000000     0.530129     0.026356        89614 
   31.200  8827.000000     0.364493     0.017807        91481 
   31.300  8397.000000     0.321631     0.015653        89754 
   31.400  8537.000000     0.345590     0.017289        91219 
   31.500  8288.000000     0.110319     0.005551        90974 
   31.600  8609.000000    -0.237735    -0.011707        90218 
   31.700  8690.000000    -0.174305    -0.008520        89727 
   31.800  8229.000000    -0.025402    -0.001237        89267 
   31.900  8206.000000     0.289004     0.013998        89473 
   32.000  7800.000000     0.313272     0.015251        90752 
   32.100  8102.000000     0.183265     0.008930        88761 
   32.200  8423.000000     0.340619     0.016416        89945 
   32.300  7977.000000     0.391036     0.019398        88637 
   32.400  8025.000000     0.276488     0.013557        88811 
   32.500  7821.000000    -0.147938    -0.007386        88026 
   32.600  7554.000000     0.249468     0.012524        89035 
   32.700  7181.000000     0.101493     0.005054        89248 
   32.800  7026.000000     0.080493     0.003887        89765 
   32.900  7335.000000     0.145174     0.007099        89152 
   33.000  7784.000000    -0.043847    -0.002167        88649 
   33.100  7222.000000     0.087580     0.004336        89182 
   33.200  7762.000000     0.416833     0.020689        88924 
   33.300  7518.000000    -0.001659    -0.000083        88915 
   33.400  7423.000000     0.001795     0.000090        89067 
   33.500  7457.000000    -0.102933    -0.005095        88659 
   33.600  7706.000000    -0.190548    -0.009249        89527 
   33.700  8077.000000    -0.223768    -0.010749        89133 
   33.800  8392.000000     0.328526     0.015817        90127 
   33.900  8681.000000    -0.063135    -0.003038        90165 
   34.000  8123.000000    -0.077225    -0.003691        87843 
   34.100  8563.000000    -0.243556    -0.011743        87527 
   34.200  8367.000000    -0.242268    -0.011936        87634 
   34.300  8395.000000    -0.138380    -0.006886        86967 
   34.400  8659.000000    -0.008379    -0.000404        87602 
   34.500  8085.000000     0.048000     0.002352        87367 
   34.600  7901.000000     0.465130     0.022600        86803 
   34.700  7869.000000     0.289043     0.014180        88322 
   34.800  7828.000000    -0.263084    -0.013043        88311 
   34.900  8290.000000    -0.056292    -0.002840        85260 
   35.000  7989.000000     0.089522     0.004530        85332 
   35.100  8364.000000    -0.050767    -0.002474        85831 
   35.200  8136.000000    -0.332641    -0.016275        85839 
   35.300  8327.000000    -0.173555    -0.008668        84388 
   35.400  7813.000000    -0.313737    -0.015379        84486 
   35.500  8404.000000     0.085756     0.004253        86118 
   35.600  8447.000000     0.433450     0.021580        86810 
   35.700  8024.000000    -0.119841    -0.005835        86461 
   35.800  8570.000000    -0.406882    -0.020031        85114 
   35.900  8374.000000    -0.271675    -0.013717        87132 
   36.000  8501.000000    -0.097487    -0.004830        86654 
   36.100  8525.000000     0.127273     0.006317        86208 
   36.200  8398.000000    -0.117344    -0.005936        83884 
   36.300  7900.000000    -0.298509    -0.014869        85166 
   36.400  7434.000000     0.045733     0.002235        85950 
   36.500  7790.000000     0.194641     0.009825        85052 
   36.600  7872.000000    -0.552552    -0.027798        82892 
   36.700  7492.000000    -0.198251    -0.009443        84015 
   36.800  7897.000000    -0.080289    -0.003874        84413 
   36.900  7642.000000     0.283377     0.013974        85481 
   37.000  7740.000000     0.237264     0.011443        86468 
   37.100  7866.000000     0.497307     0.024089        84793 
   37.200  8024.000000     0.210697     0.010261        86354 
   37.300  8261.000000     0.142459     0.006845        85814 
   37.400  8311.000000     0.528404     0.025048        85595 
   37.500  9120.000000     0.158548     0.007611        83935 
   37.600  8913.000000     0.148578     0.007181        84158 
   37.700  8776.000000     0.103979     0.005078        84049 
   37.800  7982.000000     0.177615     0.008639        85667 
   37.900  7896.000000    -0.053213    -0.002751        86728 
   38.000  7754.000000     0.006352     0.000320        86093 
   38.100  7124.000000    -0.209520    -0.010272        84181 
   38.200  7832.000000     0.119368     0.005991        85074 
   38.300  7655.000000    -0.038538    -0.001973        86354 
   38.400  6860.000000    -0.217733    -0.010719        84419 
   38.500  7741.000000     0.248189     0.012903        82583 
   38.600  7593.000000    -0.129515    -0.006455        81702 
   38.700  7456.000000     0.119491     0.005747        81996 
   38.800  7615.000000     0.299211     0.014114        83455 
   38.900  8222.000000     0.387031     0.018326        82717 
   39.000  7640.000000     0.178573     0.008497        82935 
   39.100  8173.000000     0.179144     0.008779        81554 
   39.200  7451.000000     0.127198     0.006316        82600 
   39.300  7905.000000     0.274675     0.013432        82777 
   39.400  8109.000000     0.512971     0.025155        81304 
   39.500  8007.000000     0.044580     0.002183        81535 
   39.600  8251.000000    -0.230586    -0.011716        81311 
   39.700  8315.000000     0.395811     0.019581        84038 
   39.800  7869.000000     0.120399     0.005853        82913 
   39.900  7832.000000    -0.020462    -0.001019        82767 
   40.000  8000.000000     0.136568     0.006689        82227 
