## Jackknife output: chrom 1
    0.100  9849.000000     4.850915     0.229498       106246 
    0.200 14688.000000     3.026038     0.148990       152537 
    0.300 14897.000000     2.382429     0.120817       158027 
    0.400 14814.000000     2.124767     0.105192       156714 
    0.500 15561.000000     2.100899     0.105243       156190 
    0.600 15686.000000     1.784569     0.088757       156506 
    0.700 16059.000000     1.543219     0.077564       152280 
    0.800 15589.000000     1.802837     0.089511       152678 
    0.900 15725.000000     1.556937     0.076684       154686 
    1.000 14870.000000     1.275535     0.062588       154947 
    1.100 14698.000000     1.236382     0.060682       153347 
    1.200 14574.000000     1.408630     0.067643       154850 
    1.300 14716.000000     1.408636     0.067776       153089 
    1.400 14130.000000     1.297540     0.063746       151365 
    1.500 14260.000000     1.277931     0.062935       148757 
    1.600 13538.000000     1.007628     0.050629       148751 
    1.700 13768.000000     0.883880     0.045102       148842 
    1.800 14465.000000     0.967634     0.048140       149733 
    1.900 14109.000000     0.871779     0.042966       149104 
    2.000 15092.000000     0.666015     0.032801       146599 
    2.100 14500.000000     0.744923     0.036186       149469 
    2.200 14415.000000     0.612465     0.029409       147158 
    2.300 15089.000000     0.792088     0.039175       146427 
    2.400 14981.000000     0.769711     0.037970       146580 
    2.500 14320.000000     0.670005     0.033043       142984 
    2.600 14361.000000     0.644530     0.033035       140807 
    2.700 14534.000000     0.780634     0.039815       141705 
    2.800 14914.000000     0.966856     0.048402       140596 
    2.900 14601.000000     0.782778     0.039197       139446 
    3.000 15277.000000     0.605888     0.029720       142368 
    3.100 14822.000000     0.582512     0.028555       140628 
    3.200 14059.000000     0.505042     0.024550       142013 
    3.300 13928.000000     0.599731     0.030021       142923 
    3.400 14805.000000     0.776530     0.039731       140338 
    3.500 14812.000000     0.650648     0.031967       140273 
    3.600 14956.000000     0.690049     0.033990       138714 
    3.700 15106.000000     0.543423     0.027002       137942 
    3.800 14958.000000     0.005208     0.000259       138910 
    3.900 14256.000000     0.499488     0.024373       136793 
    4.000 15215.000000     0.536374     0.026974       138178 
    4.100 15102.000000     0.581744     0.028874       136761 
    4.200 14941.000000     0.534704     0.026865       137983 
    4.300 14984.000000     0.580058     0.029503       136850 
    4.400 14248.000000     0.570578     0.028922       136678 
    4.500 14279.000000     0.366859     0.018426       135195 
    4.600 14680.000000     0.347653     0.017368       136464 
    4.700 14664.000000     0.621547     0.030831       135056 
    4.800 14791.000000     0.390911     0.019626       134461 
    4.900 14599.000000     0.147918     0.007279       135389 
    5.000 14147.000000     0.248191     0.012279       135098 
    5.100 14110.000000     0.359646     0.018476       135491 
    5.200 14592.000000     0.375689     0.018941       137640 
    5.300 14273.000000     0.345493     0.017297       136432 
    5.400 13620.000000    -0.026405    -0.001295       135035 
    5.500 14376.000000     0.314236     0.015866       135617 
    5.600 14464.000000     0.343373     0.017452       136320 
    5.700 14061.000000     0.504363     0.025316       133618 
    5.800 13662.000000     0.385582     0.019135       134164 
    5.900 13844.000000     0.173832     0.008567       131854 
    6.000 13970.000000     0.488102     0.024539       133041 
    6.100 13916.000000     0.553648     0.027538       132138 
    6.200 12980.000000     0.383050     0.019170       129965 
    6.300 13152.000000     0.303014     0.015225       129402 
    6.400 13751.000000     0.231556     0.011544       130252 
    6.500 13880.000000    -0.025869    -0.001264       129860 
    6.600 13864.000000    -0.296694    -0.014621       131017 
    6.700 13766.000000     0.173124     0.008462       131331 
    6.800 14033.000000     0.509921     0.025023       129546 
    6.900 13775.000000     0.490831     0.024496       129945 
    7.000 14215.000000     0.271743     0.013598       129707 
    7.100 14131.000000     0.353523     0.017563       129306 
    7.200 14324.000000     0.271683     0.013460       128595 
    7.300 14493.000000     0.339814     0.016893       128652 
    7.400 14455.000000     0.419679     0.020722       127474 
    7.500 14224.000000     0.318431     0.015534       127494 
    7.600 14839.000000     0.240318     0.011884       125630 
    7.700 14599.000000     0.386116     0.019757       125299 
    7.800 13729.000000     0.487151     0.024422       127197 
    7.900 14119.000000     0.338392     0.017409       128578 
    8.000 14689.000000     0.512332     0.026430       128194 
    8.100 13865.000000     0.154271     0.007660       127723 
    8.200 13629.000000     0.209443     0.010417       128543 
    8.300 13377.000000     0.467673     0.023217       127162 
    8.400 13321.000000     0.226044     0.011112       124286 
    8.500 13766.000000     0.119262     0.006081       124087 
    8.600 13141.000000     0.103671     0.005219       125341 
    8.700 12872.000000     0.275686     0.013410       124622 
    8.800 12640.000000     0.564832     0.028526       125035 
    8.900 13135.000000     0.336801     0.016954       123620 
    9.000 13703.000000     0.374112     0.018564       123304 
    9.100 14188.000000     0.377157     0.018694       123212 
    9.200 13489.000000     0.525482     0.025858       124343 
    9.300 14163.000000    -0.027498    -0.001359       125664 
    9.400 13998.000000     0.287105     0.014346       122761 
    9.500 14659.000000     0.076003     0.003898       122270 
    9.600 13297.000000     0.430087     0.022157       120804 
    9.700 13567.000000     0.426562     0.021117       120668 
    9.800 13696.000000     0.322142     0.015833       119374 
    9.900 14018.000000     0.333091     0.015985       118072 
   10.000 14279.000000     0.281279     0.014006       118303 
   10.100 14206.000000     0.549970     0.027895       120796 
   10.200 14502.000000     0.119495     0.005991       119969 
   10.300 14263.000000     0.315355     0.015954       119566 
   10.400 14090.000000     0.290848     0.014761       119935 
   10.500 13342.000000     0.254692     0.013117       119267 
   10.600 13666.000000     0.211465     0.010778       117763 
   10.700 14327.000000     0.553597     0.027513       117503 
   10.800 13536.000000     0.393313     0.019789       116591 
   10.900 13353.000000     0.286688     0.014322       118384 
   11.000 13289.000000     0.536214     0.027464       115331 
   11.100 13846.000000     0.324540     0.016173       117075 
   11.200 13302.000000    -0.083955    -0.004227       117111 
   11.300 13781.000000     0.213736     0.010625       117882 
   11.400 14042.000000     0.262704     0.013544       117861 
   11.500 13607.000000     0.244648     0.012276       114486 
   11.600 13614.000000     0.342603     0.016861       114647 
   11.700 13185.000000    -0.013271    -0.000653       114320 
   11.800 13202.000000     0.441881     0.021822       115176 
   11.900 12465.000000     0.522739     0.026465       113831 
   12.000 12902.000000     0.382037     0.019528       115461 
   12.100 13715.000000     0.081376     0.004184       116407 
   12.200 14110.000000     0.013421     0.000676       115155 
   12.300 14186.000000     0.525126     0.026349       113797 
   12.400 13107.000000     0.259685     0.012675       115076 
   12.500 12885.000000     0.258423     0.012697       114014 
   12.600 13011.000000     0.513801     0.025394       113827 
   12.700 12848.000000     0.029191     0.001443       111899 
   12.800 12881.000000    -0.127988    -0.006379       112929 
   12.900 12850.000000     0.380340     0.018984       111960 
   13.000 13950.000000     0.622575     0.030985       114526 
   13.100 13752.000000     0.508672     0.025060       113939 
   13.200 13482.000000     0.262705     0.013129       111686 
   13.300 12759.000000     0.127263     0.006292       110683 
   13.400 13446.000000    -0.175890    -0.008665       111688 
   13.500 12914.000000    -0.118422    -0.005975       112676 
   13.600 13334.000000     0.114100     0.005666       111679 
   13.700 14040.000000     0.378447     0.019153       112409 
   13.800 13506.000000     0.365473     0.018562       112322 
   13.900 12779.000000     0.378440     0.018536       111663 
   14.000 13074.000000     0.184505     0.009098       111711 
   14.100 13202.000000     0.371488     0.018826       111344 
   14.200 13256.000000     0.364124     0.018380       112366 
   14.300 13200.000000     0.286763     0.014584       113015 
   14.400 13280.000000     0.489021     0.023891       112861 
   14.500 13181.000000     0.255305     0.012887       114700 
   14.600 13181.000000     0.185622     0.009580       113171 
   14.700 12916.000000     0.056183     0.002824       112634 
   14.800 12166.000000     0.232330     0.011651       112744 
   14.900 12651.000000     0.277661     0.014043       111470 
   15.000 13205.000000     0.340222     0.017034       111487 
   15.100 13234.000000     0.317175     0.016137       111407 
   15.200 12955.000000     0.407641     0.020151       110445 
   15.300 12623.000000     0.499809     0.024788       108287 
   15.400 13155.000000     0.138393     0.006756       109607 
   15.500 13667.000000    -0.224414    -0.010983       109096 
   15.600 13363.000000     0.290590     0.014529       108857 
   15.700 13340.000000     0.181927     0.008998       109801 
   15.800 12881.000000     0.024762     0.001223       108650 
   15.900 12817.000000    -0.080868    -0.003963       109078 
   16.000 12796.000000    -0.059616    -0.002966       109031 
   16.100 12174.000000    -0.101190    -0.005039       108105 
   16.200 12426.000000     0.199922     0.009884       109373 
   16.300 12203.000000     0.067879     0.003364       109989 
   16.400 12497.000000     0.213065     0.010840       107246 
   16.500 12873.000000    -0.130658    -0.006499       107531 
   16.600 12621.000000    -0.067230    -0.003352       106512 
   16.700 12390.000000     0.151722     0.007468       107736 
   16.800 12586.000000     0.091886     0.004611       106746 
   16.900 12602.000000    -0.130683    -0.006649       107039 
   17.000 12322.000000    -0.013083    -0.000669       105729 
   17.100 13069.000000     0.164857     0.008459       106169 
   17.200 12498.000000     0.280344     0.014533       104996 
   17.300 12142.000000     0.033123     0.001694       104600 
   17.400 12748.000000    -0.118449    -0.006018       105441 
   17.500 12862.000000     0.117515     0.006079       106691 
   17.600 12215.000000     0.414611     0.021449       105537 
   17.700 12192.000000     0.036665     0.001868       103045 
   17.800 12351.000000     0.023562     0.001208       103012 
   17.900 12243.000000     0.016007     0.000798       103557 
   18.000 11961.000000     0.117901     0.005948       105089 
   18.100 12078.000000    -0.306875    -0.015207       103490 
   18.200 12870.000000    -0.238314    -0.011896       104333 
   18.300 12405.000000     0.240952     0.011849       102965 
   18.400 11845.000000     0.081838     0.004075       105300 
   18.500 11453.000000     0.339060     0.016566       106424 
   18.600 12058.000000    -0.171378    -0.008508       106959 
   18.700 12032.000000     0.002710     0.000134       104056 
   18.800 12000.000000     0.343141     0.017002       103933 
   18.900 12208.000000     0.346715     0.017198       106417 
   19.000 12328.000000     0.465874     0.023115       105437 
   19.100 12390.000000     0.274955     0.013322       105629 
   19.200 12559.000000     0.302567     0.015120       103895 
   19.300 12758.000000     0.445395     0.022109       103438 
   19.400 12432.000000     0.475238     0.024522       104885 
   19.500 12801.000000     0.389018     0.019802       103964 
   19.600 12459.000000     0.324033     0.015965       103148 
   19.700 12827.000000     0.953996     0.046645       104092 
   19.800 12674.000000     0.057357     0.002902       103275 
   19.900 12814.000000     0.363990     0.018289       104630 
   20.000 12078.000000     0.042178     0.002143       105476 
   20.100 11950.000000    -0.048506    -0.002462       103109 
   20.200 11434.000000    -0.250521    -0.012424       101781 
   20.300 11228.000000     0.122572     0.006039       102656 
   20.400 11884.000000     0.040274     0.002015       102144 
   20.500 12221.000000     0.134264     0.006870       102595 
   20.600 12945.000000     0.120591     0.006127       101441 
   20.700 12337.000000     0.102180     0.005185       101660 
   20.800 11897.000000     0.129803     0.006471       102208 
   20.900 11736.000000     0.008244     0.000422       101042 
   21.000 11366.000000    -0.025091    -0.001268       103635 
   21.100 11475.000000    -0.091501    -0.004500       101922 
   21.200 11392.000000    -0.146867    -0.007240       102352 
   21.300 12017.000000     0.006925     0.000332       101444 
   21.400 11587.000000     0.202784     0.009886       103279 
   21.500 11544.000000     0.144459     0.007051       100893 
   21.600 11023.000000     0.165398     0.008299       101012 
   21.700 10922.000000     0.176136     0.008808       101922 
   21.800 10588.000000     0.372842     0.018706       101567 
   21.900 10613.000000     0.424684     0.021089       101218 
   22.000 11019.000000     0.245087     0.012097       100163 
   22.100 12146.000000    -0.027950    -0.001399        99048 
   22.200 11978.000000    -0.047288    -0.002353        98948 
   22.300 12375.000000     0.314065     0.015575        99359 
   22.400 11692.000000     0.243874     0.012273       100540 
   22.500 11934.000000     0.541986     0.027224        97769 
   22.600 12173.000000     0.202717     0.010025        97587 
   22.700 11998.000000    -0.005947    -0.000292        99789 
   22.800 12191.000000    -0.009721    -0.000482        98648 
   22.900 11873.000000     0.046860     0.002300       100002 
   23.000 12504.000000     0.218657     0.010727        98533 
   23.100 12213.000000     0.240755     0.011760        98374 
   23.200 11595.000000     0.319461     0.015508        98304 
   23.300 11641.000000     0.073260     0.003588        98241 
   23.400 11969.000000    -0.166660    -0.008086        99177 
   23.500 11902.000000    -0.070230    -0.003433        99966 
   23.600 11884.000000     0.271556     0.013133        99677 
   23.700 12418.000000     0.348811     0.017269        99129 
   23.800 12797.000000    -0.136704    -0.006850        96580 
   23.900 11460.000000     0.087039     0.004343        95192 
   24.000 11091.000000     0.083265     0.004032        94957 
   24.100 11223.000000     0.182061     0.008572        95080 
   24.200 11139.000000     0.008575     0.000415        96296 
   24.300 11649.000000     0.218207     0.010634        98235 
   24.400 11684.000000    -0.044229    -0.002215        98720 
   24.500 11990.000000     0.059885     0.002976        98121 
   24.600 12668.000000     0.357128     0.017728        96012 
   24.700 12063.000000     0.480583     0.024231        95665 
   24.800 12140.000000     0.162787     0.008186        94900 
   24.900 12017.000000     0.222236     0.011153        93898 
   25.000 12095.000000     0.213275     0.010537        96174 
   25.100 12256.000000     0.353321     0.017480        95056 
   25.200 12175.000000     0.446358     0.021964        96519 
   25.300 11876.000000     0.324360     0.016025        95041 
   25.400 12087.000000     0.028888     0.001450        95269 
   25.500 11828.000000    -0.006000    -0.000303        95614 
   25.600 11313.000000     0.161493     0.008205        95036 
   25.700 11782.000000    -0.179456    -0.009052        95083 
   25.800 11790.000000    -0.237516    -0.011988        95204 
   25.900 11146.000000     0.178985     0.008999        95313 
   26.000 11254.000000     0.517103     0.025428        97590 
   26.100 11867.000000     0.190247     0.009354        95525 
   26.200 11478.000000     0.149154     0.007158        96805 
   26.300 12024.000000     0.586812     0.029050        96092 
   26.400 12030.000000     0.392058     0.019352        93973 
   26.500 12044.000000     0.569401     0.027981        94262 
   26.600 11520.000000    -0.034372    -0.001665        95725 
   26.700 11371.000000     0.113710     0.005494        93758 
   26.800 11641.000000    -0.208704    -0.010196        95410 
   26.900 11299.000000    -0.325132    -0.015982        96082 
   27.000 10834.000000    -0.007994    -0.000391        93298 
   27.100 11984.000000    -0.118603    -0.005875        92350 
   27.200 11873.000000     0.069636     0.003441        93703 
   27.300 12439.000000     0.346240     0.016751        91091 
   27.400 12196.000000     0.019159     0.000944        92012 
   27.500 11546.000000     0.088247     0.004386        91171 
   27.600 11165.000000     0.081888     0.004162        92539 
   27.700 11521.000000     0.302680     0.014873        93927 
   27.800 11281.000000    -0.182655    -0.008966        94251 
   27.900 11649.000000     0.226457     0.010951        91995 
   28.000 10946.000000     0.186376     0.009190        89991 
   28.100 11071.000000    -0.030934    -0.001549        89730 
   28.200 11100.000000    -0.024898    -0.001258        90174 
   28.300 11013.000000     0.008333     0.000419        90113 
   28.400 10925.000000    -0.102465    -0.005065        89943 
   28.500 11353.000000    -0.026297    -0.001296        88871 
   28.600 10936.000000     0.325891     0.015815        90916 
   28.700 10774.000000    -0.060431    -0.002947        90077 
   28.800 11165.000000     0.009544     0.000467        91171 
   28.900 11288.000000     0.269252     0.013006        91884 
   29.000 11067.000000    -0.082424    -0.004046        90916 
   29.100 11099.000000    -0.137881    -0.006714        90536 
   29.200 11523.000000    -0.008537    -0.000417        90919 
   29.300 12055.000000    -0.156917    -0.007727        91781 
   29.400 11299.000000    -0.184778    -0.008864        90364 
   29.500 11256.000000    -0.326473    -0.015732        90135 
   29.600 11577.000000    -0.092325    -0.004433        90582 
   29.700 12278.000000    -0.238780    -0.011851        90480 
   29.800 11769.000000    -0.103915    -0.004969        88326 
   29.900 10988.000000    -0.548190    -0.026888        89392 
   30.000 11463.000000     0.300873     0.014823        92238 
   30.100 11200.000000     0.195385     0.009575        90745 
   30.200 11791.000000     0.171514     0.008374        91263 
   30.300 11717.000000    -0.500613    -0.024905        89910 
   30.400 12235.000000    -0.157387    -0.007611        90911 
   30.500 12071.000000     0.237000     0.011172        92296 
   30.600 11709.000000     0.255945     0.012460        89375 
   30.700 11504.000000     0.345116     0.016814        88909 
   30.800 11019.000000    -0.316791    -0.014774        88925 
   30.900 10889.000000    -0.239508    -0.011315        90541 
   31.000 11055.000000    -0.313206    -0.015427        89154 
   31.100 10615.000000     0.414703     0.020729        87500 
   31.200 10622.000000     0.507433     0.024580        89686 
   31.300 10482.000000     0.226165     0.011192        87669 
   31.400  9952.000000     0.329780     0.016407        89804 
   31.500 10588.000000     0.199660     0.010200        88674 
   31.600 10305.000000    -0.139163    -0.006779        88522 
   31.700  9665.000000    -0.084557    -0.004107        88752 
   31.800  9865.000000    -0.113586    -0.005507        87631 
   31.900 10518.000000     0.122548     0.005852        87161 
   32.000 10633.000000     0.258973     0.012535        87919 
   32.100 11004.000000     0.292032     0.014423        85859 
   32.200 10156.000000     0.438312     0.021370        88212 
   32.300 10698.000000     0.442674     0.021959        85916 
   32.400 10410.000000     0.405123     0.019668        86426 
   32.500 11045.000000     0.057763     0.002918        84802 
   32.600 10647.000000     0.484373     0.024326        85942 
   32.700 10995.000000     0.321301     0.015853        85434 
   32.800 11127.000000     0.007024     0.000337        85664 
   32.900 11213.000000     0.368932     0.018097        85274 
   33.000 11373.000000     0.152671     0.007479        85060 
   33.100 11388.000000     0.249984     0.012248        85016 
   33.200 10747.000000     0.565004     0.027859        85939 
   33.300 11028.000000    -0.009222    -0.000459        85405 
   33.400 11509.000000    -0.084500    -0.004172        84981 
   33.500 11038.000000    -0.044415    -0.002166        85078 
   33.600 11528.000000    -0.078881    -0.003987        85705 
   33.700 10981.000000    -0.267665    -0.013075        86229 
   33.800 10891.000000     0.430320     0.020807        87628 
   33.900 10464.000000    -0.063367    -0.003062        88382 
   34.000 10679.000000     0.004803     0.000233        85287 
   34.100 10236.000000    -0.173208    -0.008493        85854 
   34.200 10650.000000    -0.017925    -0.000893        85351 
   34.300 11027.000000     0.150447     0.007420        84335 
   34.400 11060.000000     0.018796     0.000902        85201 
   34.500 10832.000000     0.116418     0.005700        84620 
   34.600 10276.000000     0.494718     0.024233        84428 
   34.700 10892.000000     0.437455     0.021545        85299 
   34.800 11441.000000    -0.114946    -0.005743        84698 
   34.900 10477.000000    -0.010085    -0.000509        83073 
   35.000 10582.000000     0.146549     0.007436        82739 
   35.100 10329.000000    -0.012247    -0.000597        83866 
   35.200 10837.000000    -0.306768    -0.015075        83138 
   35.300 11017.000000    -0.193312    -0.009822        81698 
   35.400 11039.000000    -0.368704    -0.018081        81260 
   35.500 11020.000000     0.116836     0.005740        83502 
   35.600 10843.000000     0.360459     0.017760        84414 
   35.700 11102.000000     0.123883     0.006033        83383 
   35.800 10507.000000    -0.101489    -0.004949        83177 
   35.900 10916.000000    -0.128015    -0.006509        84590 
   36.000 10592.000000    -0.029203    -0.001460        84563 
   36.100 11045.000000    -0.007087    -0.000354        83688 
   36.200 10699.000000    -0.215617    -0.011079        81583 
   36.300 10795.000000    -0.288703    -0.014654        82271 
   36.400 11141.000000     0.045521     0.002254        82243 
   36.500 11231.000000     0.323070     0.016478        81611 
   36.600 10290.000000    -0.367851    -0.018730        80474 
   36.700 11502.000000    -0.056245    -0.002737        80005 
   36.800 11216.000000    -0.024907    -0.001221        81094 
   36.900 10956.000000     0.208277     0.010260        82167 
   37.000 11032.000000     0.288925     0.014045        83176 
   37.100 10823.000000     0.648216     0.031567        81836 
   37.200 10827.000000     0.228366     0.011304        83551 
   37.300 11029.000000    -0.207473    -0.010231        83046 
   37.400 10682.000000     0.305742     0.014985        83224 
   37.500 10359.000000     0.145657     0.007159        82696 
   37.600 11082.000000     0.211576     0.010714        81989 
   37.700 11035.000000    -0.013973    -0.000699        81790 
   37.800 11190.000000     0.058186     0.002865        82459 
   37.900 11443.000000     0.024826     0.001284        83181 
   38.000 11374.000000    -0.059496    -0.002994        82473 
   38.100 10800.000000    -0.033820    -0.001675        80505 
   38.200 10941.000000     0.328305     0.016925        81965 
   38.300 10822.000000     0.031708     0.001636        83187 
   38.400 10870.000000    -0.058125    -0.002884        80409 
   38.500 10358.000000     0.073678     0.003704        79966 
   38.600 10352.000000    -0.211655    -0.010654        78943 
   38.700 10331.000000     0.115659     0.005780        79121 
   38.800 10405.000000     0.233596     0.011383        80665 
   38.900  9938.000000     0.522739     0.025346        81001 
   39.000 10660.000000     0.273845     0.013361        79915 
   39.100 10181.000000     0.108612     0.005403        79546 
   39.200 10346.000000    -0.147081    -0.007435        79705 
   39.300 10836.000000     0.172658     0.008501        79846 
   39.400 10162.000000     0.515857     0.025553        79251 
   39.500  9968.000000     0.189608     0.009354        79574 
   39.600 10303.000000    -0.304460    -0.015541        79259 
   39.700 10528.000000     0.236514     0.011846        81825 
   39.800 10550.000000     0.022783     0.001120        80232 
   39.900 10843.000000    -0.233389    -0.011708        79756 
   40.000 10502.000000    -0.027819    -0.001379        79725 
