## Jackknife output: chrom 11
    0.100  6714.000000     4.747342     0.226338       109381 
    0.200 10366.000000     3.016097     0.150694       156859 
    0.300 10743.000000     2.403051     0.122980       162181 
    0.400 10169.000000     2.100662     0.103591       161359 
    0.500  9419.000000     2.016842     0.101050       162332 
    0.600  9756.000000     1.857843     0.092845       162436 
    0.700  9533.000000     1.667113     0.083782       158806 
    0.800  9567.000000     1.789516     0.088063       158700 
    0.900  9771.000000     1.475366     0.072549       160640 
    1.000  9307.000000     1.375367     0.067419       160510 
    1.100 10004.000000     1.201906     0.059452       158041 
    1.200  9512.000000     1.197116     0.058068       159912 
    1.300  8818.000000     1.325985     0.064026       158987 
    1.400  9305.000000     1.281742     0.063452       156190 
    1.500  8733.000000     1.376010     0.068516       154284 
    1.600  8297.000000     1.116861     0.056677       153992 
    1.700  8673.000000     0.921064     0.047771       153937 
    1.800  8965.000000     0.946650     0.047466       155233 
    1.900  8835.000000     0.806894     0.039938       154378 
    2.000  9061.000000     0.756821     0.037424       152630 
    2.100  9534.000000     0.798332     0.039451       154435 
    2.200  9496.000000     0.657286     0.032078       152077 
    2.300  9144.000000     0.821844     0.041016       152372 
    2.400  8732.000000     0.726502     0.036740       152829 
    2.500  8890.000000     0.726912     0.036495       148414 
    2.600  8491.000000     0.663112     0.034368       146677 
    2.700  8619.000000     0.659775     0.034201       147620 
    2.800  8167.000000     0.763559     0.038637       147343 
    2.900  7964.000000     0.812178     0.040907       146083 
    3.000  7874.000000     0.582215     0.028590       149771 
    3.100  7737.000000     0.546393     0.027208       147713 
    3.200  8066.000000     0.427596     0.021058       148006 
    3.300  8292.000000     0.541106     0.027365       148559 
    3.400  7938.000000     0.817209     0.042522       147205 
    3.500  8696.000000     0.829187     0.041797       146389 
    3.600  8024.000000     0.797865     0.039944       145646 
    3.700  8343.000000     0.564158     0.028352       144705 
    3.800  8268.000000     0.067063     0.003361       145600 
    3.900  7287.000000     0.404240     0.019657       143762 
    4.000  8333.000000     0.679981     0.034314       145060 
    4.100  8064.000000     0.559618     0.028052       143799 
    4.200  8036.000000     0.502500     0.025363       144888 
    4.300  8161.000000     0.547045     0.028152       143673 
    4.400  8652.000000     0.551306     0.028099       142274 
    4.500  8076.000000     0.415777     0.020955       141398 
    4.600  8024.000000     0.408668     0.020528       143120 
    4.700  8386.000000     0.630067     0.031277       141334 
    4.800  7946.000000     0.350404     0.017781       141306 
    4.900  8063.000000     0.015468     0.000775       141925 
    5.000  7875.000000     0.186539     0.009260       141370 
    5.100  7686.000000     0.405648     0.020906       141915 
    5.200  8181.000000     0.467674     0.023692       144051 
    5.300  7427.000000     0.477113     0.024066       143278 
    5.400  7491.000000     0.052706     0.002614       141164 
    5.500  8346.000000     0.510978     0.026045       141647 
    5.600  7748.000000     0.409401     0.020933       143036 
    5.700  7828.000000     0.613333     0.031255       139851 
    5.800  8083.000000     0.377661     0.018979       139743 
    5.900  7718.000000     0.292840     0.014652       137980 
    6.000  8211.000000     0.464002     0.023430       138800 
    6.100  7893.000000     0.555729     0.027919       138161 
    6.200  7883.000000     0.465411     0.023378       135062 
    6.300  7509.000000     0.389839     0.019733       135045 
    6.400  7355.000000     0.516271     0.025562       136648 
    6.500  7149.000000     0.083202     0.004106       136591 
    6.600  8015.000000    -0.306799    -0.015293       136866 
    6.700  7940.000000     0.118105     0.005749       137157 
    6.800  7328.000000     0.362314     0.017680       136251 
    6.900  7806.000000     0.397414     0.019639       135914 
    7.000  7466.000000     0.348624     0.017333       136456 
    7.100  7653.000000     0.371654     0.018878       135784 
    7.200  7598.000000     0.477611     0.024019       135321 
    7.300  7374.000000     0.503114     0.025127       135771 
    7.400  7467.000000     0.471453     0.023386       134462 
    7.500  7672.000000     0.458181     0.022505       134046 
    7.600  7228.000000     0.391388     0.019496       133241 
    7.700  7591.000000     0.434789     0.022262       132307 
    7.800  8480.000000     0.628352     0.031666       132446 
    7.900  8590.000000     0.530554     0.027530       134107 
    8.000  8643.000000     0.628355     0.032536       134240 
    8.100  8344.000000     0.162302     0.008094       133244 
    8.200  8473.000000     0.128276     0.006420       133699 
    8.300  8459.000000     0.485699     0.024262       132080 
    8.400  7824.000000     0.335798     0.016538       129783 
    8.500  8071.000000     0.064826     0.003335       129782 
    8.600  8172.000000     0.069404     0.003508       130310 
    8.700  8210.000000     0.170767     0.008378       129284 
    8.800  7822.000000     0.517080     0.026487       129853 
    8.900  7382.000000     0.221282     0.011260       129373 
    9.000  8838.000000     0.280763     0.014037       128169 
    9.100  7839.000000     0.341420     0.016877       129561 
    9.200  7801.000000     0.600084     0.029676       130031 
    9.300  7536.000000     0.064442     0.003205       132291 
    9.400  7352.000000     0.356047     0.017820       129407 
    9.500  7342.000000     0.156719     0.008038       129587 
    9.600  7494.000000     0.534899     0.027472       126607 
    9.700  8050.000000     0.351257     0.017369       126185 
    9.800  7723.000000     0.199005     0.009719       125347 
    9.900  7669.000000     0.314317     0.015239       124421 
   10.000  7918.000000     0.324864     0.016396       124664 
   10.100  7894.000000     0.509761     0.025832       127108 
   10.200  8384.000000     0.175908     0.008819       126087 
   10.300  8230.000000     0.327029     0.016469       125599 
   10.400  7909.000000     0.204916     0.010407       126116 
   10.500  7269.000000     0.189404     0.009840       125340 
   10.600  6681.000000     0.223927     0.011503       124748 
   10.700  7127.000000     0.625953     0.031553       124703 
   10.800  6781.000000     0.394533     0.020099       123346 
   10.900  6914.000000     0.336813     0.017009       124823 
   11.000  7102.000000     0.646098     0.033277       121518 
   11.100  6915.000000     0.368221     0.018404       124006 
   11.200  7032.000000    -0.025452    -0.001278       123381 
   11.300  7288.000000     0.164859     0.008224       124375 
   11.400  6775.000000     0.400165     0.020456       125128 
   11.500  6602.000000     0.223749     0.011203       121491 
   11.600  6501.000000     0.388334     0.019339       121760 
   11.700  6362.000000     0.077397     0.003853       121143 
   11.800  6583.000000     0.412742     0.020597       121795 
   11.900  6468.000000     0.374525     0.018942       119828 
   12.000  6874.000000     0.322169     0.016252       121489 
   12.100  6620.000000     0.162728     0.008281       123502 
   12.200  6963.000000    -0.022187    -0.001113       122302 
   12.300  6947.000000     0.584525     0.029602       121036 
   12.400  6742.000000     0.223337     0.010973       121441 
   12.500  6299.000000     0.177965     0.008815       120600 
   12.600  6885.000000     0.593664     0.029466       119953 
   12.700  6518.000000     0.185796     0.009388       118229 
   12.800  6557.000000    -0.081202    -0.004091       119253 
   12.900  6149.000000     0.572244     0.029014       118661 
   13.000  5902.000000     0.748836     0.037780       122574 
   13.100  6538.000000     0.474842     0.023559       121153 
   13.200  6347.000000     0.260283     0.013001       118821 
   13.300  6368.000000     0.127547     0.006340       117074 
   13.400  6762.000000    -0.168270    -0.008315       118372 
   13.500  5991.000000    -0.048615    -0.002457       119599 
   13.600  6223.000000     0.077167     0.003849       118790 
   13.700  6366.000000     0.462618     0.023163       120083 
   13.800  6411.000000     0.316311     0.016046       119417 
   13.900  6715.000000     0.334410     0.016439       117727 
   14.000  6866.000000     0.210717     0.010366       117919 
   14.100  6452.000000     0.433175     0.021934       118094 
   14.200  6435.000000     0.297969     0.014982       119187 
   14.300  6476.000000     0.255541     0.013052       119739 
   14.400  6836.000000     0.522646     0.025635       119305 
   14.500  7091.000000     0.264591     0.013429       120790 
   14.600  6765.000000     0.136584     0.007039       119587 
   14.700  7145.000000    -0.020431    -0.001031       118405 
   14.800  6995.000000     0.134109     0.006741       117915 
   14.900  6567.000000     0.278796     0.014043       117554 
   15.000  6609.000000     0.281775     0.014352       118083 
   15.100  6598.000000     0.378038     0.019352       118043 
   15.200  6404.000000     0.322068     0.016051       116996 
   15.300  6203.000000     0.488634     0.024314       114707 
   15.400  5863.000000     0.276940     0.013534       116899 
   15.500  6376.000000    -0.096014    -0.004761       116387 
   15.600  6467.000000     0.199783     0.010158       115753 
   15.700  6793.000000     0.442033     0.022139       116348 
   15.800  6555.000000     0.107407     0.005352       114976 
   15.900  6834.000000    -0.079261    -0.003894       115061 
   16.000  6580.000000    -0.091470    -0.004541       115247 
   16.100  6307.000000     0.007125     0.000356       113972 
   16.200  6726.000000     0.418176     0.021226       115073 
   16.300  6273.000000     0.123571     0.006170       115919 
   16.400  6405.000000     0.242086     0.012281       113338 
   16.500  6471.000000    -0.246787    -0.012312       113933 
   16.600  6183.000000    -0.047540    -0.002372       112950 
   16.700  6195.000000     0.264074     0.013093       113931 
   16.800  6597.000000     0.041990     0.002112       112735 
   16.900  6314.000000    -0.191465    -0.009879       113327 
   17.000  6277.000000     0.063106     0.003264       111774 
   17.100  6525.000000     0.200246     0.010446       112713 
   17.200  6589.000000     0.195327     0.010268       110905 
   17.300  6381.000000     0.011638     0.000607       110361 
   17.400  6043.000000    -0.051454    -0.002599       112146 
   17.500  6315.000000     0.232483     0.012167       113238 
   17.600  6225.000000     0.480842     0.025570       111527 
   17.700  6054.000000     0.070634     0.003644       109183 
   17.800  6314.000000     0.041165     0.002172       109049 
   17.900  5768.000000    -0.027079    -0.001365       110032 
   18.000  6422.000000     0.118542     0.005945       110628 
   18.100  6063.000000    -0.241480    -0.011871       109505 
   18.200  6029.000000    -0.246745    -0.012377       111174 
   18.300  6193.000000     0.186690     0.009302       109177 
   18.400  6308.000000     0.119515     0.006037       110837 
   18.500  5678.000000     0.384984     0.019134       112199 
   18.600  6234.000000    -0.008752    -0.000438       112783 
   18.700  5831.000000     0.128155     0.006409       110257 
   18.800  5592.000000     0.519886     0.026122       110341 
   18.900  5707.000000     0.386179     0.019277       112918 
   19.000  5776.000000     0.561452     0.028090       111989 
   19.100  5823.000000     0.359409     0.017433       112196 
   19.200  6405.000000     0.351463     0.017404       110049 
   19.300  6279.000000     0.548733     0.027222       109917 
   19.400  5938.000000     0.487408     0.025037       111379 
   19.500  5824.000000     0.297911     0.015273       110941 
   19.600  5871.000000     0.344316     0.017067       109736 
   19.700  5758.000000     0.837775     0.040675       111161 
   19.800  5586.000000    -0.001310    -0.000066       110363 
   19.900  5859.000000     0.232759     0.011699       111585 
   20.000  6129.000000     0.038053     0.001944       111425 
   20.100  5646.000000    -0.117320    -0.006003       109413 
   20.200  5496.000000    -0.339660    -0.016750       107719 
   20.300  5735.000000     0.052710     0.002642       108149 
   20.400  5945.000000     0.028164     0.001412       108083 
   20.500  5651.000000     0.182195     0.009375       109165 
   20.600  6110.000000     0.174227     0.008887       108276 
   20.700  5542.000000     0.181176     0.009176       108455 
   20.800  5297.000000     0.132511     0.006616       108808 
   20.900  5389.000000     0.069120     0.003568       107389 
   21.000  5357.000000     0.031314     0.001615       109644 
   21.100  5798.000000     0.050395     0.002472       107599 
   21.200  5662.000000    -0.130326    -0.006393       108082 
   21.300  5533.000000     0.046394     0.002222       107928 
   21.400  5718.000000     0.192159     0.009434       109148 
   21.500  5584.000000     0.106487     0.005266       106853 
   21.600  5490.000000     0.099053     0.004933       106545 
   21.700  6040.000000     0.030979     0.001529       106804 
   21.800  5902.000000     0.386597     0.019287       106253 
   21.900  6498.000000     0.450107     0.022305       105333 
   22.000  5692.000000     0.224859     0.011017       105490 
   22.100  5951.000000     0.000400     0.000020       105243 
   22.200  5794.000000     0.036278     0.001810       105132 
   22.300  5862.000000     0.231656     0.011556       105872 
   22.400  6592.000000     0.245450     0.012416       105640 
   22.500  6233.000000     0.467768     0.023593       103470 
   22.600  6088.000000     0.143038     0.007169       103672 
   22.700  6274.000000    -0.082273    -0.004114       105513 
   22.800  6006.000000    -0.185768    -0.009373       104833 
   22.900  5859.000000    -0.103381    -0.005164       106016 
   23.000  5895.000000     0.243191     0.012271       105142 
   23.100  6105.000000     0.205272     0.010197       104482 
   23.200  6057.000000     0.440489     0.021633       103842 
   23.300  5865.000000     0.093512     0.004646       104017 
   23.400  6135.000000    -0.192533    -0.009396       105011 
   23.500  6485.000000    -0.047084    -0.002303       105383 
   23.600  6352.000000     0.368971     0.017797       105209 
   23.700  6182.000000     0.283709     0.014068       105365 
   23.800  6245.000000    -0.059432    -0.002960       103132 
   23.900  6495.000000     0.079506     0.003984       100157 
   24.000  5819.000000     0.059025     0.002863       100229 
   24.100  6245.000000     0.030982     0.001469       100058 
   24.200  6035.000000    -0.060501    -0.002948       101400 
   24.300  6630.000000     0.281647     0.013693       103254 
   24.400  6223.000000    -0.051772    -0.002606       104181 
   24.500  6614.000000     0.019983     0.000994       103497 
   24.600  6679.000000     0.375504     0.018815       102001 
   24.700  5795.000000     0.657536     0.033644       101933 
   24.800  6004.000000     0.113916     0.005729       101036 
   24.900  6012.000000     0.181489     0.009133        99903 
   25.000  6274.000000     0.148883     0.007446       101995 
   25.100  5773.000000     0.318781     0.015919       101539 
   25.200  6245.000000     0.518848     0.025544       102449 
   25.300  5925.000000     0.398436     0.019809       100992 
   25.400  5907.000000     0.062144     0.003087       101449 
   25.500  5808.000000    -0.030255    -0.001531       101634 
   25.600  5675.000000     0.278725     0.014204       100674 
   25.700  5564.000000    -0.032302    -0.001669       101301 
   25.800  5805.000000    -0.148202    -0.007486       101189 
   25.900  5836.000000     0.359086     0.018304       100623 
   26.000  5587.000000     0.594886     0.029134       103257 
   26.100  5769.000000     0.203024     0.010016       101623 
   26.200  5442.000000     0.075217     0.003636       102841 
   26.300  5468.000000     0.475570     0.023629       102648 
   26.400  5255.000000     0.162815     0.008266       100748 
   26.500  5344.000000     0.305670     0.015306       100962 
   26.600  5903.000000    -0.024282    -0.001194       101342 
   26.700  5274.000000     0.003553     0.000175        99855 
   26.800  5021.000000    -0.244425    -0.012138       102030 
   26.900  5233.000000    -0.217150    -0.010791       102148 
   27.000  5028.000000     0.024677     0.001217        99104 
   27.100  5100.000000    -0.202139    -0.010092        99234 
   27.200  5483.000000     0.097882     0.004923       100093 
   27.300  5164.000000     0.220416     0.010843        98366 
   27.400  5509.000000     0.014440     0.000722        98699 
   27.500  5281.000000     0.088692     0.004490        97436 
   27.600  5508.000000     0.091348     0.004715        98196 
   27.700  5890.000000     0.263017     0.013111        99558 
   27.800  5275.000000    -0.331003    -0.016489       100257 
   27.900  5162.000000    -0.084697    -0.004171        98482 
   28.000  5052.000000     0.093847     0.004700        95885 
   28.100  5037.000000    -0.185214    -0.009390        95764 
   28.200  5091.000000    -0.040008    -0.002070        96183 
   28.300  5339.000000    -0.091365    -0.004710        95787 
   28.400  5445.000000    -0.206546    -0.010431        95423 
   28.500  5138.000000    -0.125932    -0.006337        95086 
   28.600  5674.000000     0.253503     0.012608        96178 
   28.700  5102.000000    -0.031115    -0.001539        95749 
   28.800  5276.000000    -0.007907    -0.000389        97060 
   28.900  5463.000000     0.133315     0.006517        97709 
   29.000  5004.000000    -0.120445    -0.005979        96979 
   29.100  5369.000000    -0.295834    -0.014611        96266 
   29.200  5686.000000    -0.079940    -0.003986        96756 
   29.300  5347.000000    -0.139267    -0.006980        98489 
   29.400  5502.000000     0.032859     0.001600        96161 
   29.500  5595.000000    -0.301703    -0.014696        95796 
   29.600  5478.000000    -0.151043    -0.007241        96681 
   29.700  5278.000000    -0.278631    -0.013827        97480 
   29.800  5549.000000    -0.183724    -0.008904        94546 
   29.900  5415.000000    -0.583736    -0.030112        94965 
   30.000  5570.000000     0.167184     0.008339        98131 
   30.100  5591.000000     0.275025     0.013761        96354 
   30.200  5732.000000     0.128476     0.006348        97322 
   30.300  5905.000000    -0.517201    -0.026109        95722 
   30.400  5664.000000    -0.053899    -0.002682        97482 
   30.500  5737.000000     0.187921     0.009139        98630 
   30.600  5757.000000     0.199110     0.009900        95327 
   30.700  5326.000000     0.283049     0.014184        95087 
   30.800  5205.000000    -0.159920    -0.007548        94739 
   30.900  5520.000000    -0.172805    -0.008369        95910 
   31.000  5044.000000    -0.182017    -0.009092        95165 
   31.100  5075.000000     0.547763     0.027729        93040 
   31.200  5408.000000     0.532223     0.026282        94900 
   31.300  5208.000000     0.322846     0.016233        92943 
   31.400  5472.000000     0.323927     0.016466        94284 
   31.500  5557.000000     0.130395     0.006719        93705 
   31.600  5190.000000    -0.202682    -0.010038        93637 
   31.700  5633.000000    -0.113166    -0.005583        92784 
   31.800  5475.000000    -0.041321    -0.002021        92021 
   31.900  5228.000000     0.243240     0.011842        92451 
   32.000  5782.000000     0.215146     0.010563        92770 
   32.100  5357.000000    -0.009855    -0.000482        91506 
   32.200  5427.000000     0.211378     0.010312        92941 
   32.300  5733.000000     0.225545     0.011313        90881 
   32.400  5756.000000     0.198130     0.009734        91080 
   32.500  5844.000000    -0.189142    -0.009515        90003 
   32.600  5790.000000     0.329312     0.016560        90799 
   32.700  6068.000000     0.044456     0.002188        90361 
   32.800  6035.000000     0.092633     0.004515        90756 
   32.900  5792.000000     0.170774     0.008397        90695 
   33.000  5522.000000    -0.101053    -0.005008        90911 
   33.100  5835.000000     0.143767     0.007044        90569 
   33.200  5959.000000     0.461671     0.022866        90727 
   33.300  5717.000000    -0.063964    -0.003216        90716 
   33.400  5775.000000     0.004366     0.000219        90715 
   33.500  5796.000000    -0.232591    -0.011632        90320 
   33.600  5623.000000    -0.338342    -0.017020        91610 
   33.700  5760.000000    -0.365004    -0.017813        91450 
   33.800  5754.000000     0.301966     0.014580        92765 
   33.900  6068.000000    -0.070626    -0.003415        92778 
   34.000  5838.000000    -0.088999    -0.004294        90128 
   34.100  5890.000000    -0.196750    -0.009559        90200 
   34.200  5479.000000    -0.126135    -0.006257        90522 
   34.300  5347.000000     0.056770     0.002816        90015 
   34.400  5341.000000     0.044515     0.002135        90920 
   34.500  4942.000000     0.065280     0.003165        90510 
   34.600  4903.000000     0.479528     0.023401        89801 
   34.700  4743.000000     0.287882     0.014189        91448 
   34.800  4945.000000    -0.230737    -0.011538        91194 
   34.900  4741.000000    -0.014628    -0.000744        88809 
   35.000  4263.000000     0.143908     0.007382        89058 
   35.100  4522.000000    -0.071039    -0.003514        89673 
   35.200  4708.000000    -0.344446    -0.017036        89267 
   35.300  4469.000000    -0.257022    -0.013106        88246 
   35.400  4505.000000    -0.473669    -0.023458        87794 
   35.500  4546.000000     0.131070     0.006500        89976 
   35.600  4571.000000     0.246742     0.012273        90686 
   35.700  4477.000000    -0.169356    -0.008356        90008 
   35.800  4886.000000    -0.431496    -0.021556        88798 
   35.900  4576.000000    -0.383766    -0.019500        90930 
   36.000  4530.000000    -0.228254    -0.011481        90625 
   36.100  4560.000000    -0.066274    -0.003303        90173 
   36.200  4678.000000    -0.235835    -0.012113        87604 
   36.300  4422.000000    -0.333963    -0.016872        88644 
   36.400  4533.000000     0.004707     0.000233        88851 
   36.500  4167.000000     0.089371     0.004560        88675 
   36.600  4440.000000    -0.473362    -0.023936        86324 
   36.700  4535.000000    -0.172526    -0.008339        86972 
   36.800  4386.000000     0.017588     0.000866        87924 
   36.900  4722.000000     0.284692     0.014276        88401 
   37.000  5066.000000     0.261465     0.012978        89142 
   37.100  4733.000000     0.561101     0.027680        87926 
   37.200  4870.000000     0.234233     0.011519        89508 
   37.300  4933.000000    -0.103919    -0.005046        89142 
   37.400  4929.000000     0.383151     0.018651        88977 
   37.500  4907.000000     0.079383     0.003882        88148 
   37.600  5082.000000     0.231082     0.011728        87989 
   37.700  4790.000000     0.002822     0.000143        88035 
   37.800  4847.000000     0.126638     0.006301        88802 
   37.900  4887.000000    -0.019647    -0.001027        89737 
   38.000  4958.000000     0.032809     0.001667        88889 
   38.100  4816.000000    -0.214572    -0.010743        86489 
   38.200  4986.000000     0.118757     0.006148        87920 
   38.300  5467.000000    -0.060255    -0.003111        88542 
   38.400  5320.000000    -0.180456    -0.008971        85959 
   38.500  4982.000000     0.203345     0.010656        85342 
   38.600  5029.000000    -0.131394    -0.006666        84266 
   38.700  4527.000000    -0.013586    -0.000679        84925 
   38.800  4840.000000     0.235561     0.011406        86230 
   38.900  5130.000000     0.462833     0.022615        85809 
   39.000  5010.000000     0.133279     0.006525        85565 
   39.100  4820.000000     0.009014     0.000449        84907 
   39.200  5003.000000     0.035264     0.001782        85048 
   39.300  5018.000000     0.294816     0.014593        85664 
   39.400  4899.000000     0.548864     0.027294        84514 
   39.500  5286.000000     0.061365     0.003021        84256 
   39.600  4885.000000    -0.311942    -0.016013        84677 
   39.700  4728.000000     0.227413     0.011382        87625 
   39.800  4772.000000     0.084008     0.004121        86010 
   39.900  5134.000000    -0.081979    -0.004106        85465 
   40.000  4595.000000     0.011948     0.000592        85632 
