## Jackknife output: chrom 6
    0.100  7317.000000     4.686639     0.225944       108778 
    0.200 10480.000000     2.957533     0.148149       156745 
    0.300 11615.000000     2.339812     0.119681       161309 
    0.400 11372.000000     2.124691     0.104521       160156 
    0.500 11230.000000     2.082807     0.104442       160521 
    0.600 11362.000000     1.729863     0.086794       160830 
    0.700 11433.000000     1.664032     0.082819       156906 
    0.800 11871.000000     1.732944     0.085245       156396 
    0.900 11435.000000     1.438465     0.070772       158976 
    1.000 11085.000000     1.251930     0.061183       158732 
    1.100 11519.000000     1.184964     0.058802       156526 
    1.200 11336.000000     1.178720     0.057277       158088 
    1.300 11707.000000     1.408530     0.068245       156098 
    1.400 11288.000000     1.329308     0.066224       154207 
    1.500 12043.000000     1.398368     0.069887       150974 
    1.600 11334.000000     1.058900     0.054184       150955 
    1.700 11456.000000     0.990323     0.051622       151154 
    1.800 11624.000000     1.066705     0.054077       152574 
    1.900 11427.000000     0.896029     0.044926       151786 
    2.000 10945.000000     0.852188     0.042515       150746 
    2.100 10511.000000     0.735225     0.036340       153458 
    2.200 10721.000000     0.672133     0.032970       150852 
    2.300 11676.000000     0.763771     0.038336       149840 
    2.400 11453.000000     0.686907     0.034883       150108 
    2.500 10588.000000     0.738363     0.037250       146716 
    2.600 11155.000000     0.716769     0.037314       144013 
    2.700 11137.000000     0.698383     0.036390       145102 
    2.800 10643.000000     0.844334     0.043207       144867 
    2.900 11320.000000     0.826475     0.041573       142727 
    3.000 11364.000000     0.604757     0.029630       146281 
    3.100 11419.000000     0.711842     0.035152       144031 
    3.200 10873.000000     0.534947     0.026147       145199 
    3.300 10713.000000     0.638295     0.032148       146138 
    3.400 11045.000000     0.879870     0.045582       144098 
    3.500 10659.000000     0.803453     0.040256       144426 
    3.600 10702.000000     0.801056     0.039996       142968 
    3.700 10594.000000     0.659506     0.032986       142454 
    3.800 10818.000000     0.257335     0.012848       143050 
    3.900 10637.000000     0.500232     0.024432       140412 
    4.000 10675.000000     0.660454     0.033328       142718 
    4.100 10710.000000     0.572072     0.028540       141153 
    4.200 11304.000000     0.468474     0.023546       141620 
    4.300 10272.000000     0.539008     0.027646       141562 
    4.400 10330.000000     0.621512     0.031544       140596 
    4.500  9982.000000     0.493069     0.024678       139492 
    4.600 10551.000000     0.415343     0.020844       140593 
    4.700 10055.000000     0.692577     0.034407       139665 
    4.800  9760.000000     0.404919     0.020450       139492 
    4.900 10475.000000     0.011368     0.000567       139513 
    5.000 10351.000000     0.303588     0.015105       138894 
    5.100  9681.000000     0.385466     0.019849       139920 
    5.200 10498.000000     0.445607     0.022652       141734 
    5.300 10252.000000     0.531159     0.026836       140453 
    5.400 10264.000000     0.097038     0.004805       138391 
    5.500 10424.000000     0.504614     0.025799       139569 
    5.600 10838.000000     0.460755     0.023517       139946 
    5.700 10332.000000     0.655941     0.033367       137347 
    5.800 10633.000000     0.370926     0.018566       137193 
    5.900 10304.000000     0.259637     0.012934       135394 
    6.000 10490.000000     0.453156     0.022868       136521 
    6.100 10018.000000     0.611218     0.030925       136036 
    6.200 10569.000000     0.428763     0.021647       132376 
    6.300 10699.000000     0.374245     0.018915       131855 
    6.400 10861.000000     0.447098     0.022232       133142 
    6.500 10060.000000     0.121621     0.006012       133680 
    6.600 10061.000000    -0.276192    -0.013783       134820 
    6.700 10640.000000     0.144313     0.007014       134457 
    6.800 10456.000000     0.265159     0.012998       133123 
    6.900 10070.000000     0.294688     0.014706       133650 
    7.000 10031.000000     0.223868     0.011234       133891 
    7.100 10268.000000     0.317725     0.016076       133169 
    7.200 10604.000000     0.484693     0.024480       132315 
    7.300  9955.000000     0.477862     0.023963       133190 
    7.400 10083.000000     0.349019     0.017112       131846 
    7.500 10654.000000     0.375846     0.018410       131064 
    7.600 10029.000000     0.422592     0.020945       130440 
    7.700 10179.000000     0.414638     0.021370       129719 
    7.800 10769.000000     0.688369     0.034779       130157 
    7.900 11482.000000     0.524657     0.027158       131215 
    8.000 10422.000000     0.666231     0.034549       132461 
    8.100 10358.000000     0.276747     0.013723       131230 
    8.200 11041.000000     0.234277     0.011760       131131 
    8.300 10704.000000     0.589747     0.029615       129835 
    8.400 10305.000000     0.351953     0.017457       127302 
    8.500 10622.000000     0.140268     0.007223       127231 
    8.600 10695.000000     0.083963     0.004238       127787 
    8.700 10257.000000     0.150725     0.007374       127237 
    8.800 10129.000000     0.573326     0.028992       127546 
    8.900 10045.000000     0.187627     0.009569       126710 
    9.000  9919.000000     0.291259     0.014639       127088 
    9.100  9990.000000     0.359392     0.017955       127410 
    9.200  9568.000000     0.576337     0.028721       128264 
    9.300 10018.000000     0.170282     0.008547       129809 
    9.400  9667.000000     0.379021     0.018927       127092 
    9.500  9490.000000     0.103140     0.005321       127439 
    9.600  9764.000000     0.431104     0.022176       124337 
    9.700  9753.000000     0.386677     0.019204       124482 
    9.800  9710.000000     0.217027     0.010624       123360 
    9.900 10233.000000     0.247367     0.011985       121857 
   10.000  9866.000000     0.222705     0.011270       122716 
   10.100  9739.000000     0.525680     0.027000       125263 
   10.200  9353.000000     0.075550     0.003826       125118 
   10.300  9741.000000     0.225590     0.011428       124088 
   10.400  9431.000000     0.286780     0.014665       124594 
   10.500  9582.000000     0.326411     0.016787       123027 
   10.600  9584.000000     0.301891     0.015423       121845 
   10.700  9926.000000     0.593790     0.029713       121904 
   10.800  9589.000000     0.355252     0.017997       120538 
   10.900  9430.000000     0.334966     0.016784       122307 
   11.000  9340.000000     0.562360     0.028808       119280 
   11.100 10397.000000     0.505991     0.025167       120524 
   11.200  9950.000000     0.194008     0.009694       120463 
   11.300  9930.000000     0.361536     0.017948       121733 
   11.400  9837.000000     0.416713     0.021442       122066 
   11.500  9508.000000     0.280886     0.014056       118585 
   11.600  9794.000000     0.430013     0.021197       118467 
   11.700  9690.000000     0.178419     0.008890       117815 
   11.800  9999.000000     0.460795     0.022998       118379 
   11.900  9416.000000     0.429897     0.021849       116880 
   12.000  9560.000000     0.285423     0.014521       118803 
   12.100  9318.000000     0.091810     0.004772       120804 
   12.200  8901.000000     0.009163     0.000461       120364 
   12.300  9076.000000     0.491474     0.025041       118907 
   12.400  9090.000000     0.171485     0.008437       119093 
   12.500  8747.000000     0.203264     0.010072       118152 
   12.600  8561.000000     0.503240     0.025070       118277 
   12.700  7992.000000     0.111222     0.005628       116755 
   12.800  8471.000000    -0.114681    -0.005799       117339 
   12.900  9156.000000     0.344259     0.017662       115654 
   13.000  8960.000000     0.675124     0.034264       119516 
   13.100  8891.000000     0.410817     0.020389       118800 
   13.200  8207.000000     0.241006     0.012044       116961 
   13.300  8562.000000     0.153154     0.007602       114880 
   13.400  8803.000000    -0.262771    -0.013066       116331 
   13.500  9254.000000    -0.023873    -0.001221       116336 
   13.600  8615.000000     0.208212     0.010473       116398 
   13.700  8868.000000     0.499311     0.025220       117581 
   13.800  8608.000000     0.325530     0.016567       117220 
   13.900  8811.000000     0.391767     0.019348       115631 
   14.000  9226.000000     0.199389     0.009847       115559 
   14.100  9116.000000     0.496804     0.025391       115430 
   14.200  8941.000000     0.229206     0.011605       116681 
   14.300  9240.000000     0.280836     0.014386       116975 
   14.400  8724.000000     0.521522     0.025523       117417 
   14.500  9313.000000     0.309034     0.015685       118568 
   14.600  9151.000000     0.137295     0.007003       117201 
   14.700  9126.000000     0.057500     0.002888       116424 
   14.800  9260.000000     0.163084     0.008221       115650 
   14.900  9298.000000     0.275376     0.013947       114823 
   15.000  8693.000000     0.404130     0.020540       115999 
   15.100  8581.000000     0.416515     0.021360       116060 
   15.200  9124.000000     0.378464     0.018824       114276 
   15.300  9037.000000     0.565457     0.028125       111873 
   15.400  8934.000000     0.192566     0.009433       113828 
   15.500  8907.000000    -0.081446    -0.004053       113856 
   15.600  8732.000000     0.270929     0.013799       113488 
   15.700  9073.000000     0.437504     0.022087       114068 
   15.800  7986.000000     0.085563     0.004290       113545 
   15.900  8455.000000    -0.131759    -0.006451       113440 
   16.000  8703.000000    -0.077561    -0.003849       113124 
   16.100  8867.000000     0.000830     0.000042       111412 
   16.200  8714.000000     0.322159     0.016217       113085 
   16.300  8621.000000     0.108491     0.005391       113571 
   16.400  8131.000000     0.202093     0.010229       111612 
   16.500  7872.000000    -0.225305    -0.011207       112532 
   16.600  8304.000000    -0.037496    -0.001863       110829 
   16.700  8588.000000     0.209302     0.010442       111538 
   16.800  8316.000000    -0.053475    -0.002698       111016 
   16.900  8759.000000    -0.217990    -0.011285       110882 
   17.000  8735.000000     0.089269     0.004630       109316 
   17.100  8874.000000     0.184482     0.009625       110364 
   17.200  8207.000000     0.225541     0.011865       109287 
   17.300  8012.000000     0.055021     0.002866       108730 
   17.400  8116.000000    -0.085812    -0.004374       110073 
   17.500  7956.000000     0.276724     0.014475       111597 
   17.600  7798.000000     0.448616     0.023864       109954 
   17.700  7708.000000    -0.030959    -0.001607       107529 
   17.800  8271.000000     0.044414     0.002344       107092 
   17.900  7797.000000    -0.061708    -0.003114       108003 
   18.000  7863.000000     0.176769     0.008932       109187 
   18.100  8563.000000    -0.236146    -0.011732       107005 
   18.200  8254.000000    -0.191739    -0.009656       108949 
   18.300  8039.000000     0.254306     0.012625       107331 
   18.400  8457.000000     0.203959     0.010209       108688 
   18.500  8408.000000     0.477025     0.023516       109469 
   18.600  8418.000000     0.001350     0.000067       110599 
   18.700  8250.000000     0.175350     0.008683       107838 
   18.800  8134.000000     0.454770     0.022795       107799 
   18.900  8613.000000     0.437347     0.021873       110012 
   19.000  8081.000000     0.619752     0.030935       109684 
   19.100  7917.000000     0.407520     0.019869       110102 
   19.200  8121.000000     0.351980     0.017533       108333 
   19.300  7912.000000     0.633002     0.031536       108284 
   19.400  7957.000000     0.509303     0.026423       109360 
   19.500  7764.000000     0.350480     0.017996       109001 
   19.600  8558.000000     0.353059     0.017419       107049 
   19.700  8541.000000     0.825398     0.040351       108378 
   19.800  8751.000000     0.005541     0.000283       107198 
   19.900  8839.000000     0.242955     0.012306       108605 
   20.000  8492.000000     0.070211     0.003619       109062 
   20.100  8161.000000    -0.043186    -0.002232       106898 
   20.200  8331.000000    -0.274687    -0.013630       104884 
   20.300  7996.000000     0.191760     0.009583       105888 
   20.400  8635.000000     0.171305     0.008639       105393 
   20.500  7613.000000     0.220598     0.011449       107203 
   20.600  7403.000000     0.253820     0.013052       106983 
   20.700  7347.000000     0.200146     0.010162       106650 
   20.800  7667.000000     0.182681     0.009150       106438 
   20.900  7793.000000     0.078153     0.004044       104985 
   21.000  8626.000000     0.132048     0.006814       106375 
   21.100  8327.000000    -0.063099    -0.003122       105070 
   21.200  8310.000000    -0.163781    -0.008107       105434 
   21.300  8073.000000     0.097972     0.004699       105388 
   21.400  7794.000000     0.173329     0.008492       107072 
   21.500  7724.000000     0.196761     0.009697       104713 
   21.600  8092.000000     0.140945     0.007007       103943 
   21.700  8013.000000     0.204198     0.010154       104831 
   21.800  8189.000000     0.536147     0.026811       103966 
   21.900  8043.000000     0.606504     0.030020       103788 
   22.000  7903.000000     0.317887     0.015694       103279 
   22.100  7468.000000     0.051617     0.002613       103726 
   22.200  7677.000000    -0.039057    -0.001963       103249 
   22.300  7548.000000     0.291156     0.014553       104186 
   22.400  7503.000000     0.214394     0.010916       104729 
   22.500  7199.000000     0.436926     0.022092       102504 
   22.600  7268.000000     0.186952     0.009316       102492 
   22.700  7892.000000    -0.106528    -0.005293       103895 
   22.800  7667.000000    -0.124210    -0.006258       103172 
   22.900  7905.000000     0.048817     0.002443       103970 
   23.000  8225.000000     0.310948     0.015704       102812 
   23.100  7291.000000     0.277408     0.013706       103296 
   23.200  7727.000000     0.460329     0.022442       102172 
   23.300  7341.000000     0.129696     0.006374       102541 
   23.400  7758.000000    -0.196104    -0.009572       103388 
   23.500  7488.000000    -0.135728    -0.006670       104380 
   23.600  7179.000000     0.371373     0.017947       104382 
   23.700  7309.000000     0.379275     0.018800       104238 
   23.800  7238.000000    -0.056277    -0.002819       102139 
   23.900  7091.000000     0.076166     0.003825        99561 
   24.000  6768.000000     0.231617     0.011268        99280 
   24.100  7031.000000     0.103358     0.004951        99272 
   24.200  7666.000000     0.131216     0.006386        99769 
   24.300  7411.000000     0.358513     0.017519       102473 
   24.400  7725.000000     0.023703     0.001205       102679 
   24.500  7616.000000    -0.024761    -0.001232       102495 
   24.600  6721.000000     0.410786     0.020508       101959 
   24.700  7037.000000     0.643086     0.032842       100691 
   24.800  7251.000000     0.286808     0.014494        99789 
   24.900  7096.000000     0.250442     0.012757        98819 
   25.000  7071.000000     0.212968     0.010575       101198 
   25.100  7140.000000     0.460574     0.022885       100172 
   25.200  7328.000000     0.518882     0.025607       101366 
   25.300  7281.000000     0.358184     0.017778        99636 
   25.400  7155.000000     0.068206     0.003387       100201 
   25.500  7050.000000    -0.056221    -0.002822       100392 
   25.600  7272.000000     0.187023     0.009557        99077 
   25.700  7006.000000    -0.071834    -0.003731        99859 
   25.800  7169.000000    -0.216087    -0.011013        99825 
   25.900  7143.000000     0.232151     0.011864        99316 
   26.000  8180.000000     0.532585     0.026196       100664 
   26.100  7406.000000     0.156573     0.007745        99986 
   26.200  7234.000000     0.107137     0.005172       101049 
   26.300  7271.000000     0.502336     0.024718       100845 
   26.400  7447.000000     0.239507     0.012116        98556 
   26.500  6816.000000     0.295684     0.014825        99490 
   26.600  6950.000000    -0.044813    -0.002195       100295 
   26.700  7501.000000     0.116245     0.005643        97628 
   26.800  7254.000000    -0.316869    -0.015563        99797 
   26.900  7486.000000    -0.270023    -0.013296        99895 
   27.000  6758.000000     0.027042     0.001328        97374 
   27.100  7210.000000    -0.098527    -0.004905        97124 
   27.200  7424.000000     0.144980     0.007262        98152 
   27.300  7705.000000     0.170437     0.008333        95825 
   27.400  8067.000000    -0.047895    -0.002387        96141 
   27.500  7278.000000     0.129168     0.006465        95439 
   27.600  7090.000000     0.039352     0.002015        96614 
   27.700  7419.000000     0.229320     0.011371        98029 
   27.800  7641.000000    -0.258082    -0.012790        97891 
   27.900  7464.000000    -0.045361    -0.002233        96180 
   28.000  7077.000000     0.109555     0.005429        93860 
   28.100  7062.000000    -0.185091    -0.009294        93739 
   28.200  6964.000000     0.008465     0.000433        94310 
   28.300  7234.000000    -0.021837    -0.001126        93892 
   28.400  7176.000000    -0.143065    -0.007187        93692 
   28.500  7076.000000    -0.090037    -0.004513        93148 
   28.600  7052.000000     0.162117     0.008004        94800 
   28.700  7023.000000    -0.040380    -0.001984        93828 
   28.800  6903.000000     0.027764     0.001367        95433 
   28.900  7096.000000     0.154320     0.007532        96076 
   29.000  7329.000000    -0.055673    -0.002737        94654 
   29.100  7311.000000    -0.200055    -0.009804        94324 
   29.200  6843.000000    -0.049657    -0.002470        95599 
   29.300  6930.000000    -0.233091    -0.011560        96906 
   29.400  7290.000000    -0.086995    -0.004223        94373 
   29.500  7158.000000    -0.357888    -0.017183        94233 
   29.600  7353.000000    -0.315724    -0.015013        94806 
   29.700  7467.000000    -0.324681    -0.016028        95291 
   29.800  6862.000000    -0.145062    -0.007088        93233 
   29.900  7243.000000    -0.529129    -0.027464        93137 
   30.000  7219.000000     0.107914     0.005425        96482 
   30.100  7350.000000     0.295137     0.014716        94595 
   30.200  7546.000000     0.135877     0.006630        95508 
   30.300  7277.000000    -0.557592    -0.028030        94350 
   30.400  7271.000000    -0.057501    -0.002869        95875 
   30.500  7302.000000     0.099438     0.004846        97065 
   30.600  7023.000000     0.164212     0.008184        94061 
   30.700  6973.000000     0.323065     0.016062        93440 
   30.800  6791.000000    -0.162371    -0.007631        93153 
   30.900  7036.000000    -0.026867    -0.001312        94394 
   31.000  7006.000000    -0.079741    -0.003966        93203 
   31.100  6958.000000     0.551744     0.027821        91157 
   31.200  7299.000000     0.489816     0.024041        93009 
   31.300  6714.000000     0.336205     0.016699        91437 
   31.400  7037.000000     0.273809     0.013906        92719 
   31.500  7390.000000     0.097232     0.005012        91872 
   31.600  7027.000000    -0.253102    -0.012564        91800 
   31.700  6997.000000    -0.114984    -0.005707        91420 
   31.800  6895.000000    -0.036126    -0.001777        90601 
   31.900  6746.000000     0.201249     0.009815        90933 
   32.000  7153.000000     0.094809     0.004674        91399 
   32.100  6506.000000     0.132622     0.006520        90357 
   32.200  6616.000000     0.483090     0.023371        91752 
   32.300  6503.000000     0.402355     0.020052        90111 
   32.400  6095.000000     0.090946     0.004445        90741 
   32.500  6346.000000    -0.089940    -0.004538        89501 
   32.600  6496.000000     0.332172     0.016848        90093 
   32.700  6631.000000     0.152486     0.007605        89798 
   32.800  6466.000000     0.064122     0.003138        90325 
   32.900  6358.000000     0.159467     0.007845        90129 
   33.000  6446.000000    -0.172849    -0.008623        89987 
   33.100  6541.000000     0.014953     0.000739        89863 
   33.200  6957.000000     0.376239     0.018752        89729 
   33.300  7090.000000    -0.257726    -0.012947        89343 
   33.400  6937.000000    -0.001017    -0.000051        89553 
   33.500  6583.000000    -0.138554    -0.006936        89533 
   33.600  6636.000000    -0.365993    -0.018363        90597 
   33.700  6352.000000    -0.293792    -0.014320        90858 
   33.800  6681.000000     0.322362     0.015461        91838 
   33.900  6442.000000    -0.114416    -0.005536        92404 
   34.000  6837.000000    -0.075212    -0.003590        89129 
   34.100  6877.000000    -0.171943    -0.008279        89213 
   34.200  6690.000000    -0.143651    -0.007129        89311 
   34.300  6535.000000     0.056688     0.002841        88827 
   34.400  6687.000000     0.041102     0.001971        89574 
   34.500  7150.000000     0.051736     0.002551        88302 
   34.600  6916.000000     0.472390     0.023123        87788 
   34.700  6702.000000     0.344515     0.017155        89489 
   34.800  6784.000000    -0.206811    -0.010412        89355 
   34.900  6675.000000    -0.092715    -0.004758        86875 
   35.000  6858.000000     0.228518     0.011762        86463 
   35.100  7173.000000    -0.012445    -0.000616        87022 
   35.200  6447.000000    -0.153365    -0.007558        87528 
   35.300  6679.000000    -0.147647    -0.007492        86036 
   35.400  6447.000000    -0.290467    -0.014386        85852 
   35.500  6534.000000     0.182754     0.008996        87988 
   35.600  7143.000000     0.336946     0.016830        88114 
   35.700  7111.000000    -0.003540    -0.000176        87374 
   35.800  7135.000000    -0.245991    -0.012285        86549 
   35.900  6779.000000    -0.351956    -0.017907        88727 
   36.000  6486.000000    -0.226786    -0.011383        88669 
   36.100  6448.000000    -0.012582    -0.000624        88285 
   36.200  6364.000000    -0.215306    -0.010947        85918 
   36.300  6548.000000    -0.323634    -0.016261        86518 
   36.400  6774.000000     0.061036     0.003014        86610 
   36.500  6383.000000     0.232210     0.011803        86459 
   36.600  6788.000000    -0.460440    -0.023246        83976 
   36.700  6515.000000    -0.148828    -0.007164        84992 
   36.800  6871.000000    -0.092544    -0.004577        85439 
   36.900  6634.000000     0.213901     0.010618        86489 
   37.000  6718.000000     0.183909     0.009024        87490 
   37.100  6920.000000     0.633867     0.031303        85739 
   37.200  6562.000000     0.204614     0.010110        87816 
   37.300  6791.000000    -0.142694    -0.006918        87284 
   37.400  6882.000000     0.353110     0.017122        87024 
   37.500  6350.000000     0.208062     0.010120        86705 
   37.600  6458.000000     0.243478     0.012361        86613 
   37.700  6653.000000    -0.095545    -0.004825        86172 
   37.800  7085.000000     0.024918     0.001244        86564 
   37.900  6752.000000     0.012051     0.000623        87872 
   38.000  6563.000000     0.014038     0.000706        87284 
   38.100  6612.000000    -0.224038    -0.011183        84693 
   38.200  6632.000000     0.222250     0.011458        86274 
   38.300  6976.000000     0.133126     0.006824        87033 
   38.400  6824.000000    -0.160885    -0.007928        84455 
   38.500  6136.000000     0.227608     0.011882        84188 
   38.600  6371.000000    -0.049968    -0.002519        82924 
   38.700  6654.000000     0.119779     0.005889        82798 
   38.800  6863.000000     0.333683     0.016074        84207 
   38.900  6853.000000     0.556304     0.027062        84086 
   39.000  6932.000000     0.235259     0.011351        83643 
   39.100  6273.000000     0.132194     0.006567        83454 
   39.200  5974.000000     0.062368     0.003124        84077 
   39.300  6208.000000     0.249068     0.012256        84474 
   39.400  6458.000000     0.381074     0.018933        82955 
   39.500  6682.000000     0.091894     0.004493        82860 
   39.600  6539.000000    -0.433977    -0.022040        83023 
   39.700  6826.000000     0.276344     0.013819        85527 
   39.800  6810.000000     0.101523     0.005025        83972 
   39.900  6762.000000     0.027138     0.001360        83837 
   40.000  6812.000000     0.051100     0.002534        83415 
