## Jackknife output: chrom 12
    0.100  5161.000000     4.806462     0.231201       110934 
    0.200  7521.000000     2.979062     0.148899       159704 
    0.300  7475.000000     2.376939     0.121071       165449 
    0.400  7280.000000     2.169440     0.106965       164248 
    0.500  7720.000000     2.106911     0.105648       164031 
    0.600  7430.000000     1.799392     0.090467       164762 
    0.700  7768.000000     1.646755     0.082590       160571 
    0.800  7460.000000     1.794603     0.088940       160807 
    0.900  7299.000000     1.471511     0.072406       163112 
    1.000  7596.000000     1.312963     0.064085       162221 
    1.100  7696.000000     1.232553     0.060877       160349 
    1.200  7195.000000     1.225626     0.059586       162229 
    1.300  7421.000000     1.387461     0.067136       160384 
    1.400  7974.000000     1.347815     0.066974       157521 
    1.500  7279.000000     1.376567     0.068676       155738 
    1.600  7510.000000     1.086456     0.055159       154779 
    1.700  7139.000000     0.884792     0.045810       155471 
    1.800  7058.000000     0.922372     0.046431       157140 
    1.900  6823.000000     0.835669     0.041388       156390 
    2.000  6722.000000     0.808089     0.039964       154969 
    2.100  6913.000000     0.748499     0.036819       157056 
    2.200  7104.000000     0.580479     0.028332       154469 
    2.300  6992.000000     0.793816     0.039717       154524 
    2.400  6791.000000     0.656182     0.033129       154770 
    2.500  6993.000000     0.710492     0.035900       150311 
    2.600  6347.000000     0.694314     0.035878       148821 
    2.700  6611.000000     0.711853     0.036789       149628 
    2.800  6616.000000     0.785551     0.040035       148894 
    2.900  6500.000000     0.786923     0.039479       147547 
    3.000  6506.000000     0.539413     0.026420       151139 
    3.100  5730.000000     0.530817     0.026168       149720 
    3.200  6005.000000     0.389636     0.019031       150067 
    3.300  6162.000000     0.537625     0.026903       150689 
    3.400  6178.000000     0.847370     0.043862       148965 
    3.500  6047.000000     0.778400     0.039042       149038 
    3.600  6459.000000     0.779100     0.038689       147211 
    3.700  6511.000000     0.538544     0.026903       146537 
    3.800  6163.000000     0.086319     0.004304       147705 
    3.900  6254.000000     0.459059     0.022286       144795 
    4.000  5848.000000     0.557251     0.027936       147545 
    4.100  6217.000000     0.506915     0.025311       145646 
    4.200  6095.000000     0.524923     0.026341       146829 
    4.300  6580.000000     0.479992     0.024480       145254 
    4.400  6322.000000     0.542570     0.027360       144604 
    4.500  6106.000000     0.389853     0.019527       143368 
    4.600  6349.000000     0.425402     0.021279       144795 
    4.700  6363.000000     0.641662     0.031900       143357 
    4.800  6372.000000     0.324908     0.016337       142880 
    4.900  5820.000000    -0.050438    -0.002513       144168 
    5.000  6469.000000     0.254407     0.012564       142776 
    5.100  6401.000000     0.344938     0.017770       143200 
    5.200  6229.000000     0.424796     0.021421       146003 
    5.300  6072.000000     0.444280     0.022429       144633 
    5.400  5555.000000     0.070598     0.003487       143100 
    5.500  6258.000000     0.465792     0.023676       143735 
    5.600  5851.000000     0.380710     0.019434       144933 
    5.700  6013.000000     0.590669     0.029868       141666 
    5.800  5829.000000     0.363729     0.018171       141997 
    5.900  6005.000000     0.229237     0.011427       139693 
    6.000  5721.000000     0.517690     0.026056       141290 
    6.100  5699.000000     0.611507     0.030778       140355 
    6.200  5664.000000     0.379082     0.019002       137281 
    6.300  5639.000000     0.428360     0.021476       136915 
    6.400  5809.000000     0.442029     0.021909       138194 
    6.500  5973.000000     0.168023     0.008311       137767 
    6.600  5900.000000    -0.208721    -0.010377       138981 
    6.700  5769.000000     0.132872     0.006491       139328 
    6.800  5848.000000     0.464648     0.022723       137731 
    6.900  5661.000000     0.377618     0.018712       138059 
    7.000  5839.000000     0.312714     0.015645       138083 
    7.100  6072.000000     0.347485     0.017578       137365 
    7.200  5981.000000     0.353828     0.017781       136938 
    7.300  5655.000000     0.470461     0.023603       137490 
    7.400  5843.000000     0.414674     0.020537       136086 
    7.500  5806.000000     0.398900     0.019505       135912 
    7.600  5543.000000     0.364062     0.018044       134926 
    7.700  5958.000000     0.398313     0.020527       133940 
    7.800  5700.000000     0.585583     0.029556       135226 
    7.900  6329.000000     0.473816     0.024563       136368 
    8.000  5892.000000     0.636826     0.033025       136991 
    8.100  6010.000000     0.179576     0.008968       135578 
    8.200  5980.000000     0.190254     0.009519       136192 
    8.300  5678.000000     0.449710     0.022462       134861 
    8.400  6119.000000     0.344186     0.017006       131488 
    8.500  5291.000000     0.119347     0.006115       132562 
    8.600  6132.000000     0.129951     0.006543       132350 
    8.700  5942.000000     0.158129     0.007748       131552 
    8.800  6257.000000     0.520042     0.026490       131418 
    8.900  6041.000000     0.210445     0.010657       130714 
    9.000  5439.000000     0.322985     0.016025       131568 
    9.100  5962.000000     0.380592     0.018805       131438 
    9.200  5980.000000     0.558878     0.027524       131852 
    9.300  6498.000000     0.079557     0.003969       133329 
    9.400  6104.000000     0.415107     0.020661       130655 
    9.500  6194.000000     0.136491     0.006987       130735 
    9.600  5619.000000     0.532960     0.027215       128482 
    9.700  5898.000000     0.345369     0.017027       128337 
    9.800  6326.000000     0.224238     0.011015       126744 
    9.900  5521.000000     0.279688     0.013551       126569 
   10.000  5887.000000     0.203368     0.010287       126695 
   10.100  6037.000000     0.494113     0.025353       128965 
   10.200  6124.000000     0.069072     0.003497       128347 
   10.300  6061.000000     0.253431     0.012821       127768 
   10.400  5891.000000     0.216215     0.011035       128134 
   10.500  6272.000000     0.139398     0.007244       126337 
   10.600  6137.000000     0.238406     0.012276       125292 
   10.700  6056.000000     0.610672     0.030672       125774 
   10.800  5944.000000     0.373904     0.019011       124183 
   10.900  5770.000000     0.288299     0.014501       125967 
   11.000  5527.000000     0.509135     0.026294       123093 
   11.100  5684.000000     0.296027     0.014734       125237 
   11.200  5923.000000    -0.032843    -0.001639       124490 
   11.300  5757.000000     0.158560     0.007905       125906 
   11.400  5663.000000     0.413730     0.021138       126240 
   11.500  6285.000000     0.289497     0.014528       121808 
   11.600  6383.000000     0.373229     0.018559       121878 
   11.700  6114.000000     0.118480     0.005897       121391 
   11.800  5626.000000     0.402317     0.020045       122752 
   11.900  5539.000000     0.363266     0.018478       120757 
   12.000  6024.000000     0.286765     0.014566       122339 
   12.100  6103.000000     0.016623     0.000862       124019 
   12.200  5967.000000    -0.050908    -0.002563       123298 
   12.300  5781.000000     0.532179     0.026975       122202 
   12.400  6388.000000     0.176718     0.008674       121795 
   12.500  5994.000000     0.220938     0.010930       120905 
   12.600  5726.000000     0.501099     0.024793       121112 
   12.700  6011.000000     0.099192     0.005009       118736 
   12.800  5654.000000    -0.190568    -0.009596       120156 
   12.900  6004.000000     0.432294     0.022060       118806 
   13.000  5852.000000     0.591073     0.029922       122624 
   13.100  5886.000000     0.425091     0.020967       121805 
   13.200  5294.000000     0.230247     0.011458       119874 
   13.300  5423.000000     0.114732     0.005665       118019 
   13.400  5573.000000    -0.167727    -0.008264       119561 
   13.500  5535.000000    -0.118949    -0.006010       120055 
   13.600  5699.000000     0.167837     0.008388       119314 
   13.700  5846.000000     0.474738     0.023829       120603 
   13.800  6174.000000     0.359166     0.018339       119654 
   13.900  5745.000000     0.318249     0.015627       118697 
   14.000  5781.000000     0.166842     0.008206       119004 
   14.100  5629.000000     0.393018     0.019936       118917 
   14.200  5774.000000     0.198950     0.010034       119848 
   14.300  5408.000000     0.296754     0.015177       120807 
   14.400  5186.000000     0.459009     0.022501       120955 
   14.500  5457.000000     0.300873     0.015314       122424 
   14.600  5113.000000     0.173858     0.008895       121239 
   14.700  5542.000000     0.022535     0.001140       120008 
   14.800  5586.000000     0.182828     0.009214       119324 
   14.900  5441.000000     0.220758     0.011202       118680 
   15.000  5470.000000     0.272294     0.013845       119222 
   15.100  5702.000000     0.396863     0.020345       118939 
   15.200  5633.000000     0.403449     0.020112       117767 
   15.300  5490.000000     0.603315     0.030044       115420 
   15.400  5253.000000     0.235188     0.011449       117509 
   15.500  5110.000000    -0.097555    -0.004868       117653 
   15.600  4748.000000     0.277641     0.014156       117472 
   15.700  5160.000000     0.387738     0.019492       117981 
   15.800  5398.000000     0.079223     0.003968       116133 
   15.900  5265.000000    -0.056538    -0.002775       116630 
   16.000  5401.000000    -0.087909    -0.004367       116426 
   16.100  5209.000000    -0.025890    -0.001292       115070 
   16.200  5549.000000     0.385066     0.019348       116250 
   16.300  5528.000000     0.055977     0.002777       116664 
   16.400  5153.000000     0.202688     0.010276       114590 
   16.500  5088.000000    -0.219780    -0.010897       115316 
   16.600  4803.000000     0.052274     0.002601       114330 
   16.700  5203.000000     0.295767     0.014718       114923 
   16.800  4859.000000     0.034856     0.001755       114473 
   16.900  4820.000000    -0.168501    -0.008670       114821 
   17.000  4588.000000     0.102219     0.005295       113463 
   17.100  5184.000000     0.152940     0.007946       114054 
   17.200  5146.000000     0.204472     0.010732       112348 
   17.300  5050.000000    -0.029751    -0.001551       111692 
   17.400  5434.000000    -0.103094    -0.005228       112755 
   17.500  4967.000000     0.197624     0.010368       114586 
   17.600  5001.000000     0.492552     0.026186       112751 
   17.700  4906.000000     0.021843     0.001127       110331 
   17.800  4748.000000     0.026651     0.001400       110615 
   17.900  4521.000000    -0.050168    -0.002532       111279 
   18.000  4990.000000     0.150319     0.007603       112060 
   18.100  4673.000000    -0.269526    -0.013385       110895 
   18.200  4496.000000    -0.256654    -0.012880       112707 
   18.300  4681.000000     0.261171     0.013035       110689 
   18.400  4732.000000     0.120708     0.006087       112413 
   18.500  5047.000000     0.377070     0.018664       112830 
   18.600  5185.000000    -0.010843    -0.000544       113832 
   18.700  5188.000000     0.055794     0.002795       110900 
   18.800  4758.000000     0.461349     0.023152       111175 
   18.900  4965.000000     0.350736     0.017509       113660 
   19.000  5059.000000     0.523669     0.026112       112706 
   19.100  5038.000000     0.318323     0.015455       112981 
   19.200  5165.000000     0.335084     0.016662       111289 
   19.300  4995.000000     0.562189     0.028081       111201 
   19.400  4900.000000     0.518591     0.026861       112417 
   19.500  4715.000000     0.388765     0.019923       112050 
   19.600  4508.000000     0.348783     0.017256       111099 
   19.700  4570.000000     0.850676     0.041472       112349 
   19.800  4734.000000     0.057093     0.002895       111215 
   19.900  4898.000000     0.137814     0.006966       112546 
   20.000  5102.000000     0.057274     0.002944       112452 
   20.100  4928.000000    -0.058723    -0.003034       110131 
   20.200  5006.000000    -0.316932    -0.015746       108209 
   20.300  5120.000000     0.130618     0.006530       108764 
   20.400  4855.000000     0.051448     0.002592       109173 
   20.500  5059.000000     0.184040     0.009506       109757 
   20.600  4795.000000     0.221278     0.011360       109591 
   20.700  5041.000000     0.150345     0.007632       108956 
   20.800  5336.000000     0.226183     0.011309       108769 
   20.900  5279.000000     0.089195     0.004596       107499 
   21.000  5668.000000     0.075216     0.003880       109333 
   21.100  5154.000000    -0.054628    -0.002678       108243 
   21.200  5327.000000    -0.210513    -0.010329       108417 
   21.300  5180.000000     0.024428     0.001167       108281 
   21.400  5084.000000     0.119852     0.005840       109782 
   21.500  5179.000000     0.174542     0.008596       107258 
   21.600  5484.000000     0.200571     0.010003       106551 
   21.700  5330.000000     0.228051     0.011316       107514 
   21.800  5285.000000     0.455461     0.022735       106870 
   21.900  5426.000000     0.539160     0.026734       106405 
   22.000  4979.000000     0.273298     0.013416       106203 
   22.100  5463.000000     0.058381     0.002936       105731 
   22.200  5121.000000    -0.039242    -0.001967       105805 
   22.300  5045.000000     0.257890     0.012934       106689 
   22.400  4871.000000     0.219035     0.011082       107361 
   22.500  4988.000000     0.511051     0.025726       104715 
   22.600  5013.000000     0.178130     0.008912       104747 
   22.700  4850.000000    -0.111812    -0.005594       106937 
   22.800  5182.000000    -0.089524    -0.004508       105657 
   22.900  5063.000000    -0.022844    -0.001138       106812 
   23.000  5336.000000     0.278423     0.014068       105701 
   23.100  5396.000000     0.187797     0.009329       105191 
   23.200  5207.000000     0.481286     0.023600       104692 
   23.300  5259.000000     0.076386     0.003782       104623 
   23.400  4744.000000    -0.172755    -0.008447       106402 
   23.500  5147.000000    -0.069948    -0.003425       106721 
   23.600  4959.000000     0.327455     0.015852       106602 
   23.700  5025.000000     0.426387     0.021158       106522 
   23.800  4709.000000     0.018026     0.000898       104668 
   23.900  4898.000000     0.145842     0.007317       101754 
   24.000  4827.000000     0.164931     0.008047       101221 
   24.100  5231.000000     0.049664     0.002368       101072 
   24.200  5176.000000    -0.006837    -0.000331       102259 
   24.300  5427.000000     0.267066     0.013164       104457 
   24.400  5047.000000    -0.080916    -0.004103       105357 
   24.500  5386.000000    -0.004793    -0.000239       104725 
   24.600  5170.000000     0.315838     0.015866       103510 
   24.700  4822.000000     0.546429     0.027899       102906 
   24.800  5226.000000     0.090953     0.004596       101814 
   24.900  4543.000000     0.132336     0.006700       101372 
   25.000  4975.000000     0.145622     0.007255       103294 
   25.100  5124.000000     0.277893     0.013853       102188 
   25.200  5141.000000     0.499156     0.024855       103553 
   25.300  4966.000000     0.329675     0.016420       101951 
   25.400  4856.000000     0.042839     0.002141       102500 
   25.500  5273.000000    -0.062147    -0.003137       102169 
   25.600  4997.000000     0.292929     0.014918       101352 
   25.700  5338.000000    -0.072114    -0.003735       101527 
   25.800  4999.000000    -0.176711    -0.008980       101995 
   25.900  5262.000000     0.267504     0.013685       101197 
   26.000  5078.000000     0.576494     0.028276       103766 
   26.100  4867.000000     0.059124     0.002902       102525 
   26.200  4891.000000     0.073430     0.003548       103392 
   26.300  5079.000000     0.460761     0.022865       103037 
   26.400  5290.000000     0.149124     0.007550       100713 
   26.500  5294.000000     0.248867     0.012540       101012 
   26.600  5507.000000     0.016770     0.000823       101738 
   26.700  5444.000000    -0.003811    -0.000186        99685 
   26.800  5369.000000    -0.303663    -0.014967       101682 
   26.900  5146.000000    -0.233660    -0.011558       102235 
   27.000  5003.000000     0.042652     0.002099        99129 
   27.100  5475.000000    -0.180156    -0.009033        98859 
   27.200  5073.000000     0.146648     0.007350       100503 
   27.300  5237.000000     0.174463     0.008554        98293 
   27.400  4962.000000    -0.028999    -0.001442        99246 
   27.500  5105.000000     0.175378     0.008805        97612 
   27.600  5135.000000     0.126773     0.006483        98569 
   27.700  5210.000000     0.309993     0.015313       100238 
   27.800  5594.000000    -0.335505    -0.016692        99938 
   27.900  4818.000000    -0.030170    -0.001482        98826 
   28.000  5180.000000     0.142797     0.007092        95757 
   28.100  5180.000000    -0.177991    -0.009001        95621 
   28.200  4918.000000    -0.048059    -0.002462        96356 
   28.300  5257.000000    -0.064229    -0.003298        95869 
   28.400  5185.000000    -0.240211    -0.012094        95683 
   28.500  5087.000000    -0.135497    -0.006852        95137 
   28.600  4983.000000     0.276308     0.013718        96869 
   28.700  5146.000000    -0.017025    -0.000837        95705 
   28.800  5119.000000    -0.045512    -0.002250        97217 
   28.900  5152.000000     0.158130     0.007739        98020 
   29.000  5023.000000    -0.155404    -0.007657        96960 
   29.100  5209.000000    -0.278612    -0.013708        96426 
   29.200  5089.000000    -0.125100    -0.006195        97353 
   29.300  5197.000000    -0.280411    -0.013922        98639 
   29.400  4816.000000    -0.110924    -0.005400        96847 
   29.500  4971.000000    -0.323253    -0.015660        96420 
   29.600  4863.000000    -0.211694    -0.010121        97296 
   29.700  4658.000000    -0.325576    -0.016002        98100 
   29.800  4801.000000    -0.059867    -0.002929        95294 
   29.900  4439.000000    -0.461321    -0.023868        95941 
   30.000  4854.000000     0.210361     0.010587        98847 
   30.100  4435.000000     0.301043     0.014982        97510 
   30.200  4716.000000     0.189652     0.009299        98338 
   30.300  4570.000000    -0.483587    -0.024195        97057 
   30.400  4657.000000    -0.076099    -0.003764        98489 
   30.500  4830.000000     0.185185     0.008973        99537 
   30.600  4695.000000     0.193757     0.009609        96389 
   30.700  4427.000000     0.272524     0.013576        95986 
   30.800  4406.000000    -0.281010    -0.013175        95538 
   30.900  4695.000000    -0.222879    -0.010826        96735 
   31.000  4573.000000    -0.184681    -0.009211        95636 
   31.100  4549.000000     0.521622     0.026309        93566 
   31.200  4449.000000     0.540899     0.026544        95859 
   31.300  4606.000000     0.436420     0.021796        93545 
   31.400  4798.000000     0.401301     0.020315        94958 
   31.500  4520.000000     0.128109     0.006620        94742 
   31.600  4976.000000    -0.220066    -0.010964        93851 
   31.700  4388.000000    -0.099067    -0.004929        94029 
   31.800  4108.000000    -0.038399    -0.001894        93388 
   31.900  4513.000000     0.241137     0.011772        93166 
   32.000  4281.000000     0.255604     0.012601        94271 
   32.100  4323.000000     0.123377     0.006091        92540 
   32.200  4752.000000     0.353568     0.017360        93616 
   32.300  4782.000000     0.353530     0.017696        91832 
   32.400  4592.000000     0.155856     0.007683        92244 
   32.500  4458.000000    -0.124907    -0.006318        91389 
   32.600  4612.000000     0.279058     0.014105        91977 
   32.700  4397.000000     0.104296     0.005216        92032 
   32.800  4206.000000     0.032531     0.001588        92585 
   32.900  4564.000000     0.089870     0.004384        91923 
   33.000  4501.000000    -0.156364    -0.007724        91932 
   33.100  4594.000000     0.067368     0.003341        91810 
   33.200  4440.000000     0.369953     0.018506        92246 
   33.300  4591.000000    -0.156852    -0.007925        91842 
   33.400  4635.000000     0.009194     0.000465        91855 
   33.500  4645.000000    -0.146812    -0.007372        91471 
   33.600  4723.000000    -0.317022    -0.015960        92510 
   33.700  4562.000000    -0.281935    -0.013688        92648 
   33.800  4857.000000     0.383027     0.018519        93662 
   33.900  4929.000000    -0.040154    -0.001941        93917 
   34.000  4536.000000    -0.013644    -0.000655        91430 
   34.100  4225.000000    -0.200904    -0.009811        91865 
   34.200  3984.000000    -0.178846    -0.008879        92017 
   34.300  4492.000000     0.008044     0.000402        90870 
   34.400  4527.000000     0.051442     0.002484        91734 
   34.500  4457.000000     0.128022     0.006291        90995 
   34.600  4926.000000     0.556949     0.027193        89778 
   34.700  4665.000000     0.359140     0.017788        91526 
   34.800  4633.000000    -0.221156    -0.011114        91506 
   34.900  4191.000000    -0.034997    -0.001794        89359 
   35.000  4450.000000     0.141401     0.007263        88871 
   35.100  4585.000000    -0.065745    -0.003235        89610 
   35.200  4635.000000    -0.230411    -0.011410        89340 
   35.300  4538.000000    -0.152990    -0.007802        88177 
   35.400  4330.000000    -0.310856    -0.015500        87969 
   35.500  4544.000000     0.166480     0.008253        89978 
   35.600  4499.000000     0.313597     0.015562        90758 
   35.700  4759.000000    -0.125460    -0.006194        89726 
   35.800  4502.000000    -0.342350    -0.017145        89182 
   35.900  4625.000000    -0.361875    -0.018510        90881 
   36.000  4530.000000    -0.216963    -0.010937        90625 
   36.100  4319.000000    -0.098999    -0.004953        90414 
   36.200  4475.000000    -0.230246    -0.011806        87807 
   36.300  4652.000000    -0.341684    -0.017229        88414 
   36.400  4812.000000     0.040034     0.001979        88572 
   36.500  4516.000000     0.140395     0.007155        88326 
   36.600  4398.000000    -0.403989    -0.020397        86366 
   36.700  4229.000000    -0.109667    -0.005308        87278 
   36.800  4681.000000    -0.057043    -0.002817        87629 
   36.900  4812.000000     0.139686     0.006966        88311 
   37.000  4793.000000     0.194926     0.009612        89415 
   37.100  4542.000000     0.635143     0.031244        88117 
   37.200  4635.000000     0.242501     0.011985        89743 
   37.300  4182.000000    -0.101983    -0.004964        89893 
   37.400  4362.000000     0.335455     0.016234        89544 
   37.500  4623.000000     0.132021     0.006430        88432 
   37.600  4601.000000     0.280820     0.014202        88470 
   37.700  4047.000000    -0.030697    -0.001547        88778 
   37.800  4471.000000     0.129376     0.006416        89178 
   37.900  4468.000000     0.047497     0.002462        90156 
   38.000  4315.000000    -0.018485    -0.000934        89532 
   38.100  4570.000000    -0.173494    -0.008681        86735 
   38.200  4395.000000     0.149204     0.007708        88511 
   38.300  4463.000000    -0.038779    -0.002008        89546 
   38.400  4036.000000    -0.276963    -0.013733        87243 
   38.500  4116.000000     0.135243     0.007075        86208 
   38.600  4035.000000    -0.155601    -0.007883        85260 
   38.700  4080.000000    -0.006019    -0.000298        85372 
   38.800  4193.000000     0.181185     0.008762        86877 
   38.900  3968.000000     0.496980     0.024169        86971 
   39.000  3754.000000     0.272947     0.013260        86821 
   39.100  3932.000000     0.099655     0.004939        85795 
   39.200  4213.000000    -0.019566    -0.000987        85838 
   39.300  4471.000000     0.280124     0.013897        86211 
   39.400  4084.000000     0.455655     0.022649        85329 
   39.500  3874.000000     0.153115     0.007447        85668 
   39.600  3733.000000    -0.287832    -0.014728        85829 
   39.700  4113.000000     0.305830     0.015211        88240 
   39.800  3771.000000     0.095664     0.004714        87011 
   39.900  3594.000000    -0.061540    -0.003092        87005 
   40.000  3875.000000     0.001928     0.000095        86352 
