## Jackknife output: chrom 3
    0.100  7287.000000     4.675948     0.225105       108808 
    0.200 10686.000000     2.992687     0.149790       156539 
    0.300 11226.000000     2.303056     0.117620       161698 
    0.400 11881.000000     2.079442     0.102733       159647 
    0.500 11744.000000     1.959556     0.098087       160007 
    0.600 11184.000000     1.735778     0.086440       161008 
    0.700 10903.000000     1.578097     0.078442       157436 
    0.800 10849.000000     1.634731     0.080422       157418 
    0.900 11199.000000     1.294350     0.063472       159212 
    1.000 11336.000000     1.171072     0.057048       158481 
    1.100 11218.000000     1.059386     0.052116       156827 
    1.200 11196.000000     1.213138     0.058850       158228 
    1.300 11578.000000     1.268283     0.060980       156227 
    1.400 11636.000000     1.252841     0.061773       153859 
    1.500 11476.000000     1.351469     0.067038       151541 
    1.600 11432.000000     1.093783     0.055310       150857 
    1.700 11657.000000     0.902029     0.046820       150953 
    1.800 11532.000000     0.947347     0.047240       152666 
    1.900 11384.000000     0.788892     0.038813       151829 
    2.000 11234.000000     0.821083     0.040540       150457 
    2.100 11544.000000     0.730112     0.035884       152425 
    2.200 10834.000000     0.638154     0.030819       150739 
    2.300 10825.000000     0.845583     0.041932       150691 
    2.400 11243.000000     0.662772     0.033350       150318 
    2.500 11009.000000     0.742696     0.037339       146295 
    2.600 10630.000000     0.590796     0.030442       144538 
    2.700 10893.000000     0.634086     0.032493       145346 
    2.800 11390.000000     0.774719     0.039135       144120 
    2.900 11618.000000     0.710357     0.035415       142429 
    3.000 11007.000000     0.506212     0.024691       146638 
    3.100 11228.000000     0.403886     0.019804       144222 
    3.200 11000.000000     0.331645     0.016138       145072 
    3.300 11311.000000     0.558747     0.027847       145540 
    3.400 10862.000000     0.698175     0.035759       144281 
    3.500 11100.000000     0.755672     0.037667       143985 
    3.600 10415.000000     0.805039     0.040045       143255 
    3.700 10406.000000     0.585018     0.029224       142642 
    3.800 10593.000000     0.074456     0.003696       143275 
    3.900 10703.000000     0.432941     0.020932       140346 
    4.000 10614.000000     0.590244     0.029586       142779 
    4.100 10194.000000     0.558991     0.027917       141669 
    4.200 10530.000000     0.419767     0.021029       142394 
    4.300 10873.000000     0.536395     0.027529       140961 
    4.400 10461.000000     0.603578     0.030566       140465 
    4.500  9805.000000     0.388323     0.019412       139669 
    4.600  9828.000000     0.314727     0.015749       141316 
    4.700 10308.000000     0.596241     0.029349       139412 
    4.800 10241.000000     0.394209     0.019707       139011 
    4.900 10471.000000    -0.038248    -0.001898       139517 
    5.000 10740.000000     0.269077     0.013188       138505 
    5.100 10846.000000     0.399887     0.020467       138755 
    5.200 10805.000000     0.458700     0.023071       141427 
    5.300 10769.000000     0.500009     0.025107       139936 
    5.400 10727.000000     0.086359     0.004253       137928 
    5.500 10701.000000     0.524900     0.026541       139292 
    5.600 10867.000000     0.404401     0.020594       139917 
    5.700 10675.000000     0.556314     0.028157       137004 
    5.800 10765.000000     0.406130     0.020248       137061 
    5.900 10310.000000     0.258125     0.012816       135388 
    6.000 10602.000000     0.547511     0.027433       136409 
    6.100 10344.000000     0.599828     0.030010       135710 
    6.200 10571.000000     0.387846     0.019430       132374 
    6.300 10071.000000     0.476541     0.023884       132483 
    6.400 10624.000000     0.434134     0.021405       133379 
    6.500 10780.000000     0.135409     0.006700       132960 
    6.600 10622.000000    -0.282394    -0.013978       134259 
    6.700 10111.000000     0.181030     0.008842       134986 
    6.800 10623.000000     0.377092     0.018359       132956 
    6.900 10709.000000     0.370206     0.018338       133011 
    7.000 11302.000000     0.308341     0.015419       132620 
    7.100 10891.000000     0.429179     0.021754       132546 
    7.200 10053.000000     0.522386     0.026266       132866 
    7.300 10800.000000     0.471880     0.023791       132345 
    7.400 10670.000000     0.448042     0.022181       131259 
    7.500 10497.000000     0.369479     0.017979       131221 
    7.600 11250.000000     0.327183     0.016147       129219 
    7.700 11470.000000     0.346114     0.017862       128428 
    7.800 10776.000000     0.619451     0.031403       130150 
    7.900 10505.000000     0.492794     0.025612       132192 
    8.000 10630.000000     0.602467     0.031336       132253 
    8.100 10721.000000     0.144911     0.007197       130867 
    8.200 10386.000000     0.094043     0.004653       131786 
    8.300 10488.000000     0.507370     0.025123       130051 
    8.400 10060.000000     0.372600     0.018301       127547 
    8.500 10119.000000     0.044874     0.002275       127734 
    8.600  9887.000000     0.116096     0.005824       128595 
    8.700 10200.000000     0.238160     0.011594       127294 
    8.800 10220.000000     0.570650     0.029068       127455 
    8.900 10848.000000     0.217474     0.011088       125907 
    9.000 10400.000000     0.220922     0.011015       126607 
    9.100 10252.000000     0.351448     0.017484       127148 
    9.200  9916.000000     0.622727     0.030819       127916 
    9.300 10695.000000     0.143527     0.007177       129132 
    9.400 10077.000000     0.365642     0.018232       126682 
    9.500  9796.000000     0.044664     0.002295       127133 
    9.600  9989.000000     0.433316     0.022090       124112 
    9.700 10221.000000     0.290096     0.014237       124014 
    9.800 10146.000000     0.238509     0.011660       122924 
    9.900  9746.000000     0.197461     0.009543       122344 
   10.000  9689.000000     0.214316     0.010866       122893 
   10.100 10215.000000     0.512589     0.026229       124787 
   10.200 10298.000000     0.116531     0.005895       124173 
   10.300  9680.000000     0.193469     0.009731       124149 
   10.400 10326.000000     0.250495     0.012780       123699 
   10.500 10602.000000     0.181190     0.009412       122007 
   10.600 10589.000000     0.208255     0.010680       120840 
   10.700 10450.000000     0.517544     0.025861       121380 
   10.800 10051.000000     0.323307     0.016362       120076 
   10.900  9833.000000     0.222132     0.011134       121904 
   11.000 10356.000000     0.447971     0.023053       118264 
   11.100 10192.000000     0.166551     0.008291       120729 
   11.200  9441.000000    -0.115385    -0.005775       120972 
   11.300  9617.000000     0.097541     0.004849       122046 
   11.400  9990.000000     0.342115     0.017595       121913 
   11.500  9568.000000     0.255813     0.012829       118525 
   11.600  9823.000000     0.310234     0.015361       118438 
   11.700  9568.000000     0.034733     0.001730       117937 
   11.800  9461.000000     0.319415     0.015902       118917 
   11.900  9028.000000     0.328882     0.016781       117268 
   12.000  9699.000000     0.264597     0.013520       118664 
   12.100 10050.000000     0.039143     0.002038       120072 
   12.200  9617.000000    -0.090994    -0.004560       119648 
   12.300  9173.000000     0.513472     0.025976       118810 
   12.400  9707.000000     0.103680     0.005048       118476 
   12.500  9808.000000     0.152792     0.007465       117091 
   12.600  9546.000000     0.433195     0.021415       117292 
   12.700  9639.000000     0.035641     0.001795       115108 
   12.800  9453.000000    -0.218958    -0.011066       116357 
   12.900  9158.000000     0.434038     0.022096       115652 
   13.000  9463.000000     0.526366     0.026540       119013 
   13.100 10060.000000     0.342361     0.016635       117631 
   13.200  9755.000000     0.285366     0.014073       115413 
   13.300  9261.000000     0.131462     0.006488       114181 
   13.400  9451.000000    -0.195879    -0.009642       115683 
   13.500  9585.000000    -0.083354    -0.004201       116005 
   13.600  9367.000000     0.182022     0.009034       115646 
   13.700  9605.000000     0.383830     0.019022       116844 
   13.800  9592.000000     0.157219     0.007994       116236 
   13.900  9607.000000     0.166347     0.008150       114835 
   14.000  9174.000000     0.115950     0.005705       115611 
   14.100  9575.000000     0.298657     0.015098       114971 
   14.200  9469.000000     0.177240     0.008899       116153 
   14.300  9375.000000     0.233409     0.011929       116840 
   14.400  9969.000000     0.498251     0.024276       116172 
   14.500 10029.000000     0.397906     0.020180       117852 
   14.600  9846.000000     0.246408     0.012597       116506 
   14.700  9962.000000     0.041253     0.002069       115588 
   14.800  9645.000000     0.194340     0.009768       115265 
   14.900  9772.000000     0.275064     0.013929       114349 
   15.000  9496.000000     0.279483     0.014171       115196 
   15.100  9724.000000     0.394659     0.020160       114917 
   15.200  9779.000000     0.495925     0.024619       113621 
   15.300  9530.000000     0.592596     0.029352       111380 
   15.400  9647.000000     0.174810     0.008498       113115 
   15.500  9751.000000    -0.176005    -0.008730       113012 
   15.600 10178.000000     0.109512     0.005522       112042 
   15.700  9880.000000     0.210269     0.010478       113261 
   15.800  9878.000000     0.076877     0.003832       111653 
   15.900  9320.000000    -0.101413    -0.004935       112575 
   16.000  8821.000000    -0.034999    -0.001736       113006 
   16.100  9378.000000     0.028129     0.001396       110901 
   16.200  9925.000000     0.336911     0.016902       111874 
   16.300  9850.000000     0.030199     0.001496       112342 
   16.400  9430.000000     0.126301     0.006361       110313 
   16.500  9577.000000    -0.124080    -0.006135       110827 
   16.600  9411.000000     0.038304     0.001889       109722 
   16.700  9418.000000     0.208596     0.010353       110708 
   16.800  8797.000000    -0.011219    -0.000561       110535 
   16.900  8698.000000    -0.177539    -0.009103       110943 
   17.000  8789.000000     0.087452     0.004481       109262 
   17.100  9178.000000     0.195032     0.010131       110060 
   17.200  9426.000000     0.197402     0.010314       108068 
   17.300  9226.000000    -0.015940    -0.000823       107516 
   17.400  8621.000000    -0.119495    -0.006003       109568 
   17.500  9160.000000     0.137126     0.007135       110393 
   17.600  9272.000000     0.421693     0.022506       108480 
   17.700  8854.000000    -0.043210    -0.002232       106383 
   17.800  8461.000000    -0.035026    -0.001843       106902 
   17.900  8642.000000    -0.017137    -0.000862       107158 
   18.000  8963.000000     0.163160     0.008233       108087 
   18.100  8860.000000    -0.281735    -0.013925       106708 
   18.200  8548.000000    -0.255426    -0.012816       108655 
   18.300  8677.000000     0.181181     0.009036       106693 
   18.400  9357.000000     0.013039     0.000661       107788 
   18.500  9514.000000     0.274388     0.013583       108363 
   18.600 10015.000000     0.021390     0.001070       109002 
   18.700  9425.000000     0.166574     0.008349       106663 
   18.800  9244.000000     0.405911     0.020268       106689 
   18.900  9718.000000     0.308676     0.015330       108907 
   19.000  9376.000000     0.588994     0.029250       108389 
   19.100  9308.000000     0.356587     0.017307       108711 
   19.200  8607.000000     0.365709     0.018118       107847 
   19.300  8988.000000     0.605244     0.029962       107208 
   19.400  8852.000000     0.545334     0.027972       108465 
   19.500  8917.000000     0.401728     0.020491       107848 
   19.600  8512.000000     0.290280     0.014158       107095 
   19.700  8474.000000     0.942455     0.045643       108445 
   19.800  8645.000000     0.069338     0.003498       107304 
   19.900  8809.000000     0.254715     0.012758       108635 
   20.000  9043.000000     0.129828     0.006640       108511 
   20.100  9110.000000    -0.119375    -0.006109       105949 
   20.200  8757.000000    -0.293893    -0.014478       104458 
   20.300  9007.000000     0.166733     0.008371       104877 
   20.400  8858.000000     0.139349     0.007050       105170 
   20.500  8785.000000     0.161216     0.008360       106031 
   20.600  8722.000000     0.120095     0.006155       105664 
   20.700  9014.000000     0.124948     0.006369       104983 
   20.800  8593.000000     0.114929     0.005717       105512 
   20.900  8873.000000    -0.014584    -0.000748       103905 
   21.000  8970.000000    -0.006959    -0.000358       106031 
   21.100  8689.000000    -0.092694    -0.004536       104708 
   21.200  8713.000000    -0.212603    -0.010391       105031 
   21.300  9078.000000     0.062330     0.002972       104383 
   21.400  9152.000000     0.111759     0.005447       105714 
   21.500  9049.000000     0.070168     0.003460       103388 
   21.600  9174.000000     0.097607     0.004832       102861 
   21.700  9160.000000     0.143662     0.007173       103684 
   21.800  9027.000000     0.323596     0.016092       103128 
   21.900  9192.000000     0.478144     0.023471       102639 
   22.000  9482.000000     0.172656     0.008467       101700 
   22.100  8893.000000    -0.134343    -0.006733       102301 
   22.200  9086.000000    -0.091885    -0.004586       101840 
   22.300  9475.000000     0.213602     0.010676       102259 
   22.400  9179.000000     0.155937     0.007942       103053 
   22.500  8986.000000     0.427219     0.021668       100717 
   22.600  9004.000000     0.186313     0.009334       100756 
   22.700  9141.000000    -0.101928    -0.005102       102646 
   22.800  9216.000000    -0.139950    -0.007066       101623 
   22.900  8924.000000     0.020589     0.001029       102951 
   23.000  8695.000000     0.292017     0.014657       102342 
   23.100  9104.000000     0.250273     0.012318       101483 
   23.200  9271.000000     0.394774     0.019344       100628 
   23.300  8957.000000     0.058584     0.002897       100925 
   23.400  8474.000000    -0.355656    -0.017354       102672 
   23.500  8801.000000    -0.172233    -0.008433       103067 
   23.600  8536.000000     0.227378     0.010935       103025 
   23.700  8943.000000     0.322562     0.015969       102604 
   23.800  8807.000000    -0.076316    -0.003786       100570 
   23.900  8365.000000     0.181618     0.009051        98287 
   24.000  8907.000000     0.192607     0.009269        97141 
   24.100  8876.000000     0.005444     0.000258        97427 
   24.200  8868.000000    -0.061342    -0.002958        98567 
   24.300  8610.000000     0.292957     0.014278       101274 
   24.400  8860.000000    -0.136367    -0.006878       101544 
   24.500  8924.000000    -0.085092    -0.004229       101187 
   24.600  8982.000000     0.221635     0.011038        99698 
   24.700  8518.000000     0.453116     0.022939        99210 
   24.800  8415.000000     0.008203     0.000411        98625 
   24.900  8333.000000    -0.017706    -0.000891        97582 
   25.000  8488.000000     0.069699     0.003461        99781 
   25.100  8854.000000     0.215240     0.010729        98458 
   25.200  8853.000000     0.481942     0.023734        99841 
   25.300  8010.000000     0.361011     0.017840        98907 
   25.400  8423.000000     0.032702     0.001632        98933 
   25.500  8452.000000    -0.200207    -0.010130        98990 
   25.600  8382.000000     0.283654     0.014328        97967 
   25.700  8113.000000    -0.081120    -0.004198        98752 
   25.800  8237.000000    -0.251722    -0.012761        98757 
   25.900  8859.000000     0.138083     0.007041        97600 
   26.000  8871.000000     0.446316     0.021817        99973 
   26.100  8755.000000    -0.000263    -0.000013        98637 
   26.200  8930.000000     0.021802     0.001047        99353 
   26.300  8840.000000     0.474988     0.023464        99276 
   26.400  8385.000000     0.088463     0.004487        97618 
   26.500  8748.000000     0.195399     0.009857        97558 
   26.600  8871.000000    -0.056792    -0.002784        98374 
   26.700  8361.000000     0.027396     0.001334        96768 
   26.800  8571.000000    -0.383282    -0.018738        98480 
   26.900  8723.000000    -0.307531    -0.015121        98658 
   27.000  8740.000000    -0.059092    -0.002887        95392 
   27.100  8481.000000    -0.309644    -0.015283        95853 
   27.200  8420.000000    -0.029178    -0.001443        97156 
   27.300  8087.000000     0.129622     0.006322        95443 
   27.400  8366.000000    -0.071653    -0.003561        95842 
   27.500  8434.000000     0.037116     0.001849        94283 
   27.600  8217.000000     0.028091     0.001429        95487 
   27.700  8508.000000     0.142823     0.007019        96940 
   27.800  8634.000000    -0.512217    -0.025138        96898 
   27.900  8570.000000    -0.150885    -0.007317        95074 
   28.000  8135.000000     0.140667     0.006937        92802 
   28.100  8094.000000    -0.156464    -0.007868        92707 
   28.200  8228.000000    -0.096841    -0.004956        93046 
   28.300  8117.000000    -0.114779    -0.005830        93009 
   28.400  8045.000000    -0.241683    -0.012139        92823 
   28.500  7767.000000    -0.088724    -0.004440        92457 
   28.600  7904.000000     0.165108     0.008203        93948 
   28.700  8054.000000    -0.085926    -0.004217        92797 
   28.800  8336.000000    -0.079324    -0.003872        94000 
   28.900  8646.000000     0.219769     0.010672        94526 
   29.000  8703.000000    -0.101706    -0.004984        93280 
   29.100  8390.000000    -0.304942    -0.014981        93245 
   29.200  8330.000000    -0.126602    -0.006287        94112 
   29.300  8826.000000    -0.187298    -0.009302        95010 
   29.400  7914.000000    -0.057738    -0.002785        93749 
   29.500  8420.000000    -0.351844    -0.016901        92971 
   29.600  8712.000000    -0.383668    -0.018151        93447 
   29.700  8866.000000    -0.488651    -0.023882        93892 
   29.800  8424.000000    -0.079831    -0.003874        91671 
   29.900  8622.000000    -0.560456    -0.029055        91758 
   30.000  8424.000000     0.148401     0.007465        95277 
   30.100  8409.000000     0.249407     0.012450        93536 
   30.200  8457.000000     0.165056     0.008108        94597 
   30.300  8133.000000    -0.507110    -0.025348        93494 
   30.400  8528.000000     0.013154     0.000654        94618 
   30.500  8594.000000     0.233163     0.011272        95773 
   30.600  8458.000000     0.251317     0.012386        92626 
   30.700  8080.000000     0.369488     0.018407        92333 
   30.800  8579.000000    -0.101680    -0.004795        91365 
   30.900  8350.000000    -0.085799    -0.004171        93080 
   31.000  8567.000000    -0.010511    -0.000525        91642 
   31.100  8206.000000     0.671708     0.033623        89909 
   31.200  8669.000000     0.652680     0.031841        91639 
   31.300  8842.000000     0.569672     0.028522        89309 
   31.400  8712.000000     0.425337     0.021474        91044 
   31.500  8147.000000     0.167196     0.008562        91115 
   31.600  8757.000000    -0.261621    -0.013017        90070 
   31.700  8868.000000    -0.104495    -0.005168        89549 
   31.800  8370.000000     0.098790     0.004842        89126 
   31.900  8019.000000     0.268290     0.013032        89660 
   32.000  8366.000000     0.249598     0.012279        90186 
   32.100  8496.000000     0.035999     0.001765        88367 
   32.200  8142.000000     0.367414     0.017751        90226 
   32.300  7848.000000     0.423783     0.021063        88766 
   32.400  8478.000000     0.187163     0.009180        88358 
   32.500  7884.000000    -0.121740    -0.006116        87963 
   32.600  8084.000000     0.268094     0.013413        88505 
   32.700  8615.000000     0.135288     0.006682        87814 
   32.800  9047.000000     0.190224     0.009215        87744 
   32.900  8586.000000     0.140684     0.006878        87901 
   33.000  8456.000000    -0.118449    -0.005826        87977 
   33.100  8466.000000     0.051867     0.002550        87938 
   33.200  8396.000000     0.414250     0.020581        88290 
   33.300  8447.000000     0.001284     0.000064        87986 
   33.400  7887.000000     0.084127     0.004227        88603 
   33.500  8010.000000    -0.111279    -0.005541        88106 
   33.600  8018.000000    -0.274229    -0.013688        89215 
   33.700  8097.000000    -0.282016    -0.013616        89113 
   33.800  8222.000000     0.302720     0.014573        90297 
   33.900  8003.000000    -0.106385    -0.005165        90843 
   34.000  8036.000000    -0.067856    -0.003259        87930 
   34.100  7681.000000    -0.129873    -0.006342        88409 
   34.200  7734.000000    -0.118124    -0.005874        88267 
   34.300  7429.000000     0.036409     0.001822        87933 
   34.400  8019.000000    -0.036869    -0.001784        88242 
   34.500  7573.000000     0.087041     0.004252        87879 
   34.600  7807.000000     0.529877     0.025741        86897 
   34.700  8219.000000     0.327638     0.016229        87972 
   34.800  8358.000000    -0.286341    -0.014292        87781 
   34.900  7994.000000     0.053127     0.002703        85556 
   35.000  7833.000000     0.106356     0.005462        85488 
   35.100  7969.000000    -0.010269    -0.000504        86226 
   35.200  8118.000000    -0.302045    -0.014815        85857 
   35.300  7726.000000    -0.248741    -0.012586        84989 
   35.400  7688.000000    -0.416993    -0.020783        84611 
   35.500  8152.000000    -0.008398    -0.000417        86370 
   35.600  7966.000000     0.330008     0.016463        87291 
   35.700  7501.000000    -0.239812    -0.011819        86984 
   35.800  7454.000000    -0.480408    -0.023967        86230 
   35.900  7715.000000    -0.204680    -0.010386        87791 
   36.000  8151.000000    -0.166081    -0.008291        87004 
   36.100  8103.000000    -0.031884    -0.001585        86630 
   36.200  7612.000000    -0.275361    -0.014090        84670 
   36.300  7970.000000    -0.413892    -0.020895        85096 
   36.400  8012.000000    -0.081239    -0.004005        85372 
   36.500  8201.000000     0.167861     0.008471        84641 
   36.600  8089.000000    -0.520623    -0.026146        82675 
   36.700  8005.000000    -0.170204    -0.008229        83502 
   36.800  7928.000000    -0.066889    -0.003296        84382 
   36.900  8118.000000     0.274341     0.013712        85005 
   37.000  8486.000000     0.264427     0.013062        85722 
   37.100  7830.000000     0.638080     0.031487        84829 
   37.200  8473.000000     0.281107     0.013919        85905 
   37.300  8148.000000    -0.164956    -0.008053        85927 
   37.400  8335.000000     0.276543     0.013368        85571 
   37.500  8019.000000     0.020788     0.001012        85036 
   37.600  7517.000000     0.176392     0.008973        85554 
   37.700  7958.000000    -0.113543    -0.005750        84867 
   37.800  7822.000000     0.069138     0.003438        85827 
   37.900  8111.000000     0.018873     0.000986        86513 
   38.000  8407.000000     0.030939     0.001557        85440 
   38.100  8530.000000    -0.329146    -0.016339        82775 
   38.200  8581.000000     0.195769     0.010104        84325 
   38.300  8454.000000    -0.037925    -0.001953        85555 
   38.400  8261.000000    -0.247516    -0.012228        83018 
   38.500  8134.000000     0.168947     0.008849        82190 
   38.600  7811.000000    -0.090865    -0.004599        81484 
   38.700  7750.000000     0.079068     0.003929        81702 
   38.800  8054.000000     0.233298     0.011275        83016 
   38.900  7773.000000     0.466665     0.022630        83166 
   39.000  7696.000000     0.219836     0.010682        82879 
   39.100  7246.000000    -0.018520    -0.000919        82481 
   39.200  7760.000000    -0.142658    -0.007177        82291 
   39.300  8062.000000     0.160342     0.007874        82620 
   39.400  7362.000000     0.324247     0.016162        82051 
   39.500  7546.000000     0.223208     0.011030        81996 
   39.600  7365.000000    -0.150831    -0.007772        82197 
   39.700  7689.000000     0.301985     0.015089        84664 
   39.800  7757.000000     0.089846     0.004438        83025 
   39.900  7520.000000    -0.193474    -0.009713        83079 
   40.000  7407.000000     0.043103     0.002139        82820 
