## Jackknife output: chrom 21
    0.100  2150.000000     4.733670     0.227284       113945 
    0.200  3118.000000     3.002000     0.149863       164107 
    0.300  2936.000000     2.351918     0.120004       169988 
    0.400  3289.000000     2.060755     0.101433       168239 
    0.500  3156.000000     2.011260     0.100813       168595 
    0.600  3435.000000     1.755631     0.088006       168757 
    0.700  3089.000000     1.624005     0.081431       165250 
    0.800  2940.000000     1.764548     0.087111       165327 
    0.900  2693.000000     1.424656     0.070054       167718 
    1.000  3032.000000     1.270163     0.062062       166785 
    1.100  3092.000000     1.239037     0.061016       164953 
    1.200  3308.000000     1.289064     0.062611       166116 
    1.300  3005.000000     1.379883     0.066695       164800 
    1.400  2902.000000     1.295775     0.064149       162593 
    1.500  2899.000000     1.370189     0.068001       160118 
    1.600  2971.000000     1.078859     0.054752       159318 
    1.700  2773.000000     0.921351     0.047756       159837 
    1.800  2662.000000     0.957547     0.048056       161536 
    1.900  2701.000000     0.824228     0.040811       160512 
    2.000  2471.000000     0.787169     0.038987       159220 
    2.100  2737.000000     0.741153     0.036588       161232 
    2.200  2731.000000     0.621836     0.030258       158842 
    2.300  2858.000000     0.840157     0.041851       158658 
    2.400  2951.000000     0.720414     0.036281       158610 
    2.500  2845.000000     0.735840     0.037010       154459 
    2.600  2789.000000     0.686894     0.035489       152379 
    2.700  2725.000000     0.741548     0.038350       153514 
    2.800  2632.000000     0.846217     0.042973       152878 
    2.900  2631.000000     0.856130     0.042870       151416 
    3.000  2707.000000     0.541857     0.026447       154938 
    3.100  2638.000000     0.579796     0.028640       152812 
    3.200  2870.000000     0.441595     0.021591       153202 
    3.300  2920.000000     0.596014     0.029842       153931 
    3.400  2884.000000     0.800466     0.041248       152259 
    3.500  2788.000000     0.778419     0.038905       152297 
    3.600  2941.000000     0.788859     0.039336       150729 
    3.700  2916.000000     0.593608     0.029724       150132 
    3.800  2759.000000     0.129494     0.006445       151109 
    3.900  2694.000000     0.472320     0.022942       148355 
    4.000  2720.000000     0.583435     0.029244       150673 
    4.100  2611.000000     0.594629     0.029640       149252 
    4.200  2724.000000     0.536864     0.026935       150200 
    4.300  2639.000000     0.502919     0.025690       149195 
    4.400  2548.000000     0.522910     0.026426       148378 
    4.500  2641.000000     0.429007     0.021499       146833 
    4.600  2806.000000     0.356405     0.017831       148338 
    4.700  2694.000000     0.653410     0.032469       147026 
    4.800  2585.000000     0.381340     0.019210       146667 
    4.900  2577.000000     0.003947     0.000197       147411 
    5.000  2366.000000     0.285512     0.014126       146879 
    5.100  2555.000000     0.460564     0.023626       147046 
    5.200  2398.000000     0.413723     0.020850       149834 
    5.300  2265.000000     0.487723     0.024580       148440 
    5.400  2165.000000     0.103996     0.005145       146490 
    5.500  2191.000000     0.470337     0.023964       147802 
    5.600  2456.000000     0.427311     0.021805       148328 
    5.700  2837.000000     0.619143     0.031336       144842 
    5.800  2569.000000     0.400881     0.020070       145257 
    5.900  2498.000000     0.278536     0.013900       143200 
    6.000  2344.000000     0.500772     0.025142       144667 
    6.100  2474.000000     0.578184     0.028988       143580 
    6.200  2571.000000     0.417259     0.020920       140374 
    6.300  2367.000000     0.443991     0.022208       140187 
    6.400  2262.000000     0.438363     0.021699       141741 
    6.500  2215.000000     0.137476     0.006785       141525 
    6.600  2463.000000    -0.232081    -0.011481       142418 
    6.700  2372.000000     0.171129     0.008327       142725 
    6.800  2327.000000     0.378991     0.018528       141252 
    6.900  2464.000000     0.388754     0.019289       141256 
    7.000  2330.000000     0.307277     0.015350       141592 
    7.100  2488.000000     0.392918     0.019881       140949 
    7.200  2548.000000     0.445699     0.022436       140371 
    7.300  2289.000000     0.489800     0.024598       140856 
    7.400  2256.000000     0.438405     0.021670       139673 
    7.500  2235.000000     0.385430     0.018878       139483 
    7.600  2121.000000     0.367361     0.018224       138348 
    7.700  2196.000000     0.432575     0.022266       137702 
    7.800  2363.000000     0.630880     0.031804       138563 
    7.900  2216.000000     0.521887     0.027082       140481 
    8.000  2134.000000     0.690278     0.035648       140749 
    8.100  2454.000000     0.226794     0.011249       139134 
    8.200  2004.000000     0.208087     0.010367       140168 
    8.300  2029.000000     0.523905     0.026113       138510 
    8.400  1928.000000     0.388655     0.019136       135679 
    8.500  2119.000000     0.090296     0.004612       135734 
    8.600  1798.000000     0.098228     0.004927       136684 
    8.700  1732.000000     0.182289     0.008908       135762 
    8.800  1619.000000     0.528413     0.026850       136056 
    8.900  1661.000000     0.196557     0.009940       135094 
    9.000  1843.000000     0.286525     0.014236       135164 
    9.100  1821.000000     0.338117     0.016687       135579 
    9.200  2018.000000     0.547030     0.026960       135814 
    9.300  1844.000000     0.088737     0.004416       137983 
    9.400  1806.000000     0.381321     0.018895       134953 
    9.500  1574.000000     0.098085     0.004998       135355 
    9.600  1771.000000     0.462255     0.023595       132330 
    9.700  1637.000000     0.345792     0.017030       132598 
    9.800  1432.000000     0.197626     0.009632       131638 
    9.900  1421.000000     0.273044     0.013187       130669 
   10.000  1436.000000     0.205712     0.010372       131146 
   10.100  1564.000000     0.475972     0.024322       133438 
   10.200  1828.000000     0.092881     0.004688       132643 
   10.300  1637.000000     0.239920     0.012076       132192 
   10.400  1673.000000     0.257139     0.013076       132352 
   10.500  1386.000000     0.198368     0.010257       131223 
   10.600  1600.000000     0.145035     0.007438       129829 
   10.700  1772.000000     0.506866     0.025470       130058 
   10.800  1793.000000     0.357417     0.018077       128334 
   10.900  1803.000000     0.337376     0.016917       129934 
   11.000  1510.000000     0.553533     0.028436       127110 
   11.100  1346.000000     0.313430     0.015562       129575 
   11.200  1649.000000    -0.009407    -0.000470       128764 
   11.300  1774.000000     0.157988     0.007827       129889 
   11.400  1845.000000     0.355716     0.018165       130058 
   11.500  1676.000000     0.231975     0.011641       126417 
   11.600  1606.000000     0.365053     0.018107       126655 
   11.700  1849.000000     0.115233     0.005708       125656 
   11.800  1700.000000     0.459306     0.022811       126678 
   11.900  1726.000000     0.431850     0.021984       124570 
   12.000  1638.000000     0.318143     0.016159       126725 
   12.100  1404.000000     0.070135     0.003623       128718 
   12.200  1256.000000    -0.016832    -0.000844       128009 
   12.300  1546.000000     0.602630     0.030374       126437 
   12.400  1594.000000     0.225886     0.011070       126589 
   12.500  1556.000000     0.213405     0.010534       125343 
   12.600  1337.000000     0.566648     0.028010       125501 
   12.700  1425.000000     0.122605     0.006184       123322 
   12.800  1506.000000    -0.128480    -0.006472       124304 
   12.900  1262.000000     0.471488     0.024036       123548 
   13.000  1356.000000     0.669015     0.033834       127120 
   13.100  1328.000000     0.443956     0.021851       126363 
   13.200  1226.000000     0.228482     0.011379       123942 
   13.300  1216.000000     0.098757     0.004888       122226 
   13.400  1360.000000    -0.162718    -0.008027       123774 
   13.500  1387.000000    -0.081238    -0.004117       124203 
   13.600  1131.000000     0.148005     0.007403       123882 
   13.700  1243.000000     0.490827     0.024647       125206 
   13.800  1361.000000     0.359440     0.018278       124467 
   13.900  1278.000000     0.380687     0.018727       123164 
   14.000  1231.000000     0.271157     0.013339       123554 
   14.100  1341.000000     0.409958     0.020709       123205 
   14.200  1344.000000     0.249472     0.012568       124278 
   14.300  1232.000000     0.259197     0.013202       124983 
   14.400  1199.000000     0.506607     0.024745       124942 
   14.500  1138.000000     0.330409     0.016688       126743 
   14.600  1047.000000     0.174723     0.008929       125305 
   14.700  1162.000000     0.034228     0.001725       124388 
   14.800  1317.000000     0.152780     0.007696       123593 
   14.900  1408.000000     0.271914     0.013759       122713 
   15.000  1319.000000     0.261262     0.013255       123373 
   15.100  1195.000000     0.352094     0.017932       123446 
   15.200  1267.000000     0.427809     0.021236       122133 
   15.300  1326.000000     0.553303     0.027486       119584 
   15.400  1297.000000     0.208791     0.010217       121465 
   15.500  1214.000000    -0.104697    -0.005204       121549 
   15.600  1227.000000     0.212870     0.010793       120993 
   15.700  1083.000000     0.388256     0.019461       122058 
   15.800  1211.000000     0.079003     0.003950       120320 
   15.900  1211.000000    -0.104134    -0.005094       120684 
   16.000  1176.000000    -0.084010    -0.004168       120651 
   16.100  1081.000000    -0.019022    -0.000947       119198 
   16.200  1137.000000     0.357515     0.017983       120662 
   16.300  1111.000000     0.075804     0.003763       121081 
   16.400  1040.000000     0.177721     0.008991       118703 
   16.500  1107.000000    -0.228996    -0.011352       119297 
   16.600  1174.000000    -0.004329    -0.000214       117959 
   16.700   997.000000     0.283832     0.014105       119129 
   16.800   950.000000     0.015975     0.000802       118382 
   16.900   970.000000    -0.192684    -0.009871       118671 
   17.000   963.000000     0.094708     0.004887       117088 
   17.100   921.000000     0.160002     0.008307       118317 
   17.200   913.000000     0.209038     0.010959       116581 
   17.300  1040.000000    -0.008216    -0.000425       115702 
   17.400  1073.000000    -0.098161    -0.004971       117116 
   17.500  1058.000000     0.216422     0.011314       118495 
   17.600   895.000000     0.480569     0.025508       116857 
   17.700   957.000000    -0.014315    -0.000739       114280 
   17.800  1047.000000     0.015446     0.000811       114316 
   17.900  1124.000000    -0.022663    -0.001140       114676 
   18.000  1072.000000     0.217918     0.011011       115978 
   18.100  1092.000000    -0.177916    -0.008799       114476 
   18.200   983.000000    -0.164086    -0.008234       116220 
   18.300   993.000000     0.228357     0.011321       114377 
   18.400  1144.000000     0.111535     0.005606       116001 
   18.500  1276.000000     0.405388     0.020042       116601 
   18.600  1141.000000     0.060342     0.003013       117876 
   18.700   943.000000     0.120644     0.006008       115145 
   18.800   986.000000     0.427304     0.021411       114947 
   18.900   995.000000     0.366420     0.018249       117630 
   19.000  1184.000000     0.586775     0.029294       116581 
   19.100  1210.000000     0.343518     0.016677       116809 
   19.200   957.000000     0.334070     0.016597       115497 
   19.300   874.000000     0.560471     0.027884       115322 
   19.400   843.000000     0.478493     0.024640       116474 
   19.500  1048.000000     0.347790     0.017809       115717 
   19.600  1022.000000     0.360612     0.017806       114585 
   19.700   936.000000     0.862039     0.041929       115983 
   19.800   870.000000     0.078720     0.003973       115079 
   19.900   886.000000     0.198879     0.010013       116558 
   20.000   880.000000     0.059094     0.003030       116674 
   20.100   898.000000    -0.083025    -0.004261       114161 
   20.200   878.000000    -0.296956    -0.014682       112337 
   20.300   792.000000     0.112875     0.005643       113092 
   20.400   769.000000     0.077063     0.003877       113259 
   20.500   871.000000     0.166966     0.008603       113945 
   20.600   831.000000     0.186857     0.009551       113555 
   20.700   723.000000     0.142600     0.007236       113274 
   20.800   824.000000     0.172995     0.008633       113281 
   20.900   785.000000     0.088786     0.004568       111993 
   21.000   745.000000     0.073862     0.003797       114256 
   21.100   747.000000    -0.064742    -0.003181       112650 
   21.200   718.000000    -0.195168    -0.009588       113026 
   21.300   587.000000     0.001794     0.000086       112874 
   21.400   572.000000     0.164057     0.008024       114294 
   21.500   656.000000     0.145779     0.007168       111781 
   21.600   708.000000     0.138906     0.006912       111327 
   21.700   685.000000     0.210661     0.010484       112159 
   21.800   591.000000     0.423392     0.021112       111564 
   21.900   686.000000     0.513434     0.025359       111145 
   22.000   688.000000     0.269845     0.013238       110494 
   22.100   685.000000     0.010706     0.000536       110509 
   22.200   537.000000    -0.023141    -0.001157       110389 
   22.300   657.000000     0.222150     0.011099       111077 
   22.400   570.000000     0.174406     0.008835       111662 
   22.500   584.000000     0.463280     0.023389       109119 
   22.600   564.000000     0.158238     0.007906       109196 
   22.700   672.000000    -0.145724    -0.007257       111115 
   22.800   640.000000    -0.149789    -0.007521       110199 
   22.900   637.000000     0.025818     0.001284       111238 
   23.000   652.000000     0.281188     0.014058       110385 
   23.100   789.000000     0.243594     0.011987       109798 
   23.200   707.000000     0.444534     0.021718       109192 
   23.300   739.000000     0.099487     0.004912       109143 
   23.400   767.000000    -0.220079    -0.010710       110379 
   23.500   705.000000    -0.049764    -0.002426       111163 
   23.600   686.000000     0.366741     0.017651       110875 
   23.700   503.000000     0.395597     0.019598       111044 
   23.800   614.000000    -0.047536    -0.002363       108763 
   23.900   580.000000     0.124715     0.006223       106072 
   24.000   478.000000     0.173910     0.008438       105570 
   24.100   495.000000     0.042491     0.002025       105808 
   24.200   625.000000    -0.051575    -0.002501       106810 
   24.300   507.000000     0.250741     0.012279       109377 
   24.400   552.000000    -0.079483    -0.004017       109852 
   24.500   489.000000    -0.022558    -0.001120       109622 
   24.600   620.000000     0.301704     0.015062       108060 
   24.700   594.000000     0.548766     0.027967       107134 
   24.800   526.000000     0.117125     0.005892       106514 
   24.900   441.000000     0.137895     0.006932       105474 
   25.000   407.000000     0.141424     0.007012       107862 
   25.100   509.000000     0.304323     0.015130       106803 
   25.200   418.000000     0.485885     0.024001       108276 
   25.300   369.000000     0.341683     0.016933       106548 
   25.400   318.000000     0.055165     0.002745       107038 
   25.500   373.000000    -0.061520    -0.003096       107069 
   25.600   324.000000     0.301292     0.015286       106025 
   25.700   425.000000    -0.054793    -0.002824       106440 
   25.800   389.000000    -0.192672    -0.009740       106605 
   25.900   326.000000     0.222301     0.011296       106133 
   26.000   403.000000     0.520575     0.025333       108441 
   26.100   462.000000     0.126242     0.006202       106930 
   26.200   324.000000     0.096633     0.004648       107959 
   26.300   315.000000     0.482166     0.023796       107801 
   26.400   350.000000     0.186376     0.009378       105653 
   26.500   437.000000     0.299809     0.014989       105869 
   26.600   361.000000    -0.009145    -0.000447       106884 
   26.700   308.000000     0.040019     0.001952       104821 
   26.800   449.000000    -0.288937    -0.014176       106602 
   26.900   386.000000    -0.225182    -0.011105       106995 
   27.000   376.000000    -0.001834    -0.000090       103756 
   27.100   428.000000    -0.204825    -0.010168       103906 
   27.200   381.000000     0.108020     0.005375       105195 
   27.300   278.000000     0.241545     0.011766       103252 
   27.400   314.000000    -0.048021    -0.002381       103894 
   27.500   374.000000     0.101770     0.005091       102343 
   27.600   343.000000     0.067850     0.003461       103361 
   27.700   198.000000     0.280687     0.013869       105250 
   27.800   183.000000    -0.285172    -0.014111       105349 
   27.900   183.000000     0.007730     0.000378       103461 
   28.000   177.000000     0.166216     0.008257       100760 
   28.100   178.000000    -0.154795    -0.007790       100623 
   28.200   153.000000    -0.028615    -0.001462       101121 
   28.300    84.000000    -0.063053    -0.003226       101042 
   28.400    68.000000    -0.215182    -0.010788       100800 
   28.500    58.000000    -0.069081    -0.003460       100166 
   28.600   130.000000     0.251650     0.012458       101722 
   28.700    89.000000    -0.040812    -0.002006       100762 
   28.800    56.000000    -0.012041    -0.000593       102280 
   28.900    83.000000     0.160523     0.007823       103089 
   29.000   120.000000    -0.073625    -0.003615       101863 
   29.100   110.000000    -0.235167    -0.011530       101525 
   29.200   158.000000    -0.041051    -0.002031       102284 
   29.300   217.000000    -0.176485    -0.008749       103619 
   29.400   132.000000    -0.080030    -0.003872       101531 
   29.500   126.000000    -0.334933    -0.016189       101265 
   29.600   147.000000    -0.208955    -0.009939       102012 
   29.700   283.000000    -0.270444    -0.013318       102475 
   29.800   155.000000    -0.129581    -0.006285        99940 
   29.900   133.000000    -0.497390    -0.025626       100247 
   30.000   169.000000     0.180832     0.009059       103532 
   30.100   158.000000     0.263241     0.013082       101787 
   30.200   169.000000     0.186245     0.009142       102885 
   30.300   215.000000    -0.486753    -0.024398       101412 
   30.400   267.000000    -0.044611    -0.002214       102879 
   30.500   178.000000     0.137344     0.006639       104189 
   30.600   118.000000     0.211246     0.010432       100966 
   30.700   177.000000     0.269796     0.013412       100236 
   30.800   302.000000    -0.230676    -0.010853        99642 
   30.900   179.000000    -0.164531    -0.007975       101251 
   31.000   193.000000    -0.147431    -0.007328       100016 
   31.100   124.000000     0.525281     0.026410        97991 
   31.200   128.000000     0.488277     0.023953       100180 
   31.300    97.000000     0.380656     0.018991        98054 
   31.400    90.000000     0.364481     0.018426        99666 
   31.500    62.000000     0.137753     0.007067        99200 
   31.600    38.000000    -0.217444    -0.010771        98789 
   31.700    16.000000    -0.114421    -0.005653        98401 
   31.800    23.000000    -0.016812    -0.000826        97473 
   31.900    11.000000     0.208528     0.010152        97668 
   32.000     6.000000     0.224338     0.011075        98546 
   32.100     3.000000     0.112569     0.005567        96860 
   32.200     0.000000     0.347355     0.016995        98368 
   32.300     0.000000     0.383953     0.019228        96614 
   32.400     0.000000     0.217060     0.010686        96836 
   32.500     0.000000    -0.108488    -0.005490        95847 
   32.600     0.000000     0.286980     0.014522        96589 
   32.700     0.000000     0.106120     0.005291        96429 
   32.800     0.000000     0.043977     0.002146        96791 
   32.900     0.000000     0.138855     0.006823        96487 
   33.000     0.000000    -0.110680    -0.005488        96433 
   33.100     0.000000     0.115147     0.005686        96404 
   33.200     0.000000     0.410531     0.020441        96686 
   33.300     0.000000    -0.105802    -0.005314        96433 
   33.400     0.000000     0.022932     0.001154        96490 
   33.500     0.000000    -0.160403    -0.008003        96116 
   33.600     0.000000    -0.286978    -0.014387        97233 
   33.700     0.000000    -0.290650    -0.014136        97210 
   33.800     0.000000     0.347301     0.016789        98519 
   33.900     0.000000    -0.044163    -0.002138        98846 
   34.000     0.000000    -0.026696    -0.001283        95966 
   34.100     0.000000    -0.150408    -0.007327        96090 
   34.200     0.000000    -0.157326    -0.007815        96001 
   34.300     0.000000    -0.004741    -0.000237        95362 
   34.400     0.000000     0.020180     0.000977        96261 
   34.500     0.000000     0.086652     0.004254        95452 
   34.600     0.000000     0.490160     0.023924        94704 
   34.700     0.000000     0.322459     0.015958        96191 
   34.800     0.000000    -0.179852    -0.009006        96139 
   34.900     0.000000    -0.032922    -0.001679        93550 
   35.000     0.000000     0.134622     0.006900        93321 
   35.100     0.000000    -0.051983    -0.002559        94195 
   35.200     0.000000    -0.248804    -0.012271        93975 
   35.300     0.000000    -0.176954    -0.009015        92715 
   35.400     0.000000    -0.355203    -0.017655        92299 
   35.500     0.000000     0.094666     0.004702        94522 
   35.600     0.000000     0.311758     0.015535        95257 
   35.700     0.000000    -0.118038    -0.005807        94485 
   35.800     0.000000    -0.354479    -0.017668        93684 
   35.900     0.000000    -0.312206    -0.015899        95506 
   36.000     0.000000    -0.163609    -0.008207        95155 
   36.100     0.000000    -0.024864    -0.001239        94733 
   36.200     0.000000    -0.216405    -0.011066        92282 
   36.300     0.000000    -0.324165    -0.016303        93066 
   36.400     0.000000     0.009962     0.000492        93384 
   36.500     0.000000     0.177939     0.009081        92842 
   36.600     0.000000    -0.440234    -0.022259        90764 
   36.700     0.000000    -0.124512    -0.006017        91507 
   36.800     0.000000    -0.047233    -0.002323        92310 
   36.900     0.000000     0.226817     0.011291        93123 
   37.000     0.000000     0.214178     0.010509        94208 
   37.100     0.000000     0.572937     0.028148        92659 
   37.200     0.000000     0.220022     0.010826        94378 
   37.300     0.000000    -0.106365    -0.005182        94075 
   37.400     0.000000     0.346993     0.016807        93906 
   37.500     0.000000     0.152080     0.007421        93055 
   37.600     0.000000     0.254754     0.012839        93071 
   37.700     0.000000    -0.057121    -0.002876        92825 
   37.800     0.000000     0.129014     0.006412        93649 
   37.900     0.000000     0.005737     0.000298        94624 
   38.000     0.000000    -0.005188    -0.000262        93847 
   38.100     0.000000    -0.192341    -0.009600        91305 
   38.200     0.000000     0.182617     0.009426        92906 
   38.300     0.000000     0.021170     0.001089        94009 
   38.400     0.000000    -0.208310    -0.010315        91279 
   38.500     0.000000     0.170802     0.008903        90324 
   38.600     0.000000    -0.122725    -0.006207        89295 
   38.700     0.000000     0.056814     0.002813        89452 
   38.800     0.000000     0.273199     0.013181        91070 
   38.900     0.000000     0.485009     0.023583        90939 
   39.000     0.000000     0.246367     0.011977        90575 
   39.100     0.000000     0.093101     0.004625        89727 
   39.200     0.000000    -0.003118    -0.000157        90051 
   39.300     0.000000     0.245101     0.012091        90682 
   39.400     0.000000     0.450228     0.022319        89413 
   39.500     0.000000     0.126114     0.006186        89542 
   39.600     0.000000    -0.276876    -0.014168        89562 
   39.700     0.000000     0.290730     0.014541        92353 
   39.800     0.000000     0.097612     0.004813        90782 
   39.900     0.000000    -0.080919    -0.004074        90599 
   40.000     0.000000     0.045300     0.002244        90227 
