## Jackknife output: chrom 5
    0.100  8354.000000     4.780201     0.230285       107741 
    0.200 12015.000000     3.037119     0.152010       155210 
    0.300 12470.000000     2.430053     0.123900       160454 
    0.400 12362.000000     2.074200     0.102169       159166 
    0.500 12382.000000     2.059906     0.103233       159369 
    0.600 12002.000000     1.799611     0.090111       160190 
    0.700 11199.000000     1.676375     0.084056       157140 
    0.800 12026.000000     1.772748     0.088010       156241 
    0.900 12409.000000     1.439193     0.071405       158002 
    1.000 12286.000000     1.255265     0.061495       157531 
    1.100 11593.000000     1.252408     0.061979       156452 
    1.200 11800.000000     1.255042     0.061387       157624 
    1.300 11997.000000     1.358744     0.065746       155808 
    1.400 12097.000000     1.278972     0.063575       153398 
    1.500 11087.000000     1.364718     0.068316       151930 
    1.600 11045.000000     1.020915     0.052076       151244 
    1.700 10978.000000     0.907762     0.047258       151632 
    1.800 11491.000000     0.968671     0.048877       152707 
    1.900 11385.000000     0.861201     0.042790       151828 
    2.000 11686.000000     0.823223     0.040862       150005 
    2.100 12232.000000     0.767930     0.037762       151737 
    2.200 11468.000000     0.601766     0.029377       150105 
    2.300 11807.000000     0.866665     0.043037       149709 
    2.400 11608.000000     0.689500     0.034932       149953 
    2.500 10483.000000     0.683085     0.034417       146821 
    2.600 10438.000000     0.667311     0.034291       144730 
    2.700 10868.000000     0.753666     0.038803       145371 
    2.800 10440.000000     0.776887     0.039634       145070 
    2.900 10499.000000     0.814400     0.041112       143548 
    3.000 10734.000000     0.610139     0.029901       146911 
    3.100 11051.000000     0.494392     0.024513       144399 
    3.200 11394.000000     0.310390     0.015165       144678 
    3.300 10870.000000     0.529060     0.026470       145981 
    3.400 10723.000000     0.848278     0.044111       144420 
    3.500 11027.000000     0.790858     0.039702       144058 
    3.600 10944.000000     0.711227     0.035548       142726 
    3.700 10476.000000     0.576632     0.029046       142572 
    3.800 10226.000000     0.138007     0.006912       143642 
    3.900  9719.000000     0.493249     0.023948       141330 
    4.000  9839.000000     0.647235     0.032626       143554 
    4.100 10649.000000     0.629357     0.031614       141214 
    4.200  9751.000000     0.566018     0.028559       143173 
    4.300 10675.000000     0.545015     0.027969       141159 
    4.400 10814.000000     0.571421     0.029063       140112 
    4.500 10662.000000     0.402156     0.020254       138812 
    4.600  9637.000000     0.380672     0.019133       141507 
    4.700  9819.000000     0.647707     0.032287       139901 
    4.800 10292.000000     0.360379     0.018203       138960 
    4.900 10275.000000    -0.007164    -0.000358       139713 
    5.000 10276.000000     0.281540     0.014078       138969 
    5.100 10189.000000     0.394218     0.020474       139412 
    5.200 10859.000000     0.369683     0.018818       141373 
    5.300 11165.000000     0.435309     0.022042       139540 
    5.400 10873.000000     0.115598     0.005706       137782 
    5.500 10389.000000     0.433778     0.022121       139604 
    5.600 10738.000000     0.422697     0.021607       140046 
    5.700  9909.000000     0.681190     0.034553       137770 
    5.800  9737.000000     0.406907     0.020451       138089 
    5.900  9959.000000     0.387069     0.019420       135739 
    6.000  9730.000000     0.641808     0.032256       137281 
    6.100 10101.000000     0.660571     0.033281       135953 
    6.200 10011.000000     0.416043     0.020995       132934 
    6.300 10097.000000     0.481563     0.024169       132457 
    6.400 10056.000000     0.449380     0.022383       133947 
    6.500 10023.000000     0.083479     0.004137       133717 
    6.600 10408.000000    -0.203866    -0.010172       134473 
    6.700 10482.000000     0.227853     0.011141       134615 
    6.800 10055.000000     0.428618     0.021131       133524 
    6.900 10175.000000     0.393481     0.019539       133545 
    7.000  9834.000000     0.216456     0.010827       134088 
    7.100  9359.000000     0.335450     0.017109       134078 
    7.200  9015.000000     0.363294     0.018357       133904 
    7.300  9007.000000     0.482216     0.024280       134138 
    7.400  9343.000000     0.423729     0.021138       132586 
    7.500  9224.000000     0.354334     0.017434       132494 
    7.600  9478.000000     0.319777     0.015904       130991 
    7.700  9051.000000     0.460279     0.023862       130847 
    7.800  9287.000000     0.684734     0.034768       131639 
    7.900  9511.000000     0.493487     0.025644       133186 
    8.000  8388.000000     0.671468     0.034813       134495 
    8.100  8993.000000     0.216444     0.010781       132595 
    8.200  9314.000000     0.239254     0.011887       132858 
    8.300  8866.000000     0.504941     0.025170       131673 
    8.400  9164.000000     0.328382     0.016206       128443 
    8.500  9498.000000     0.060422     0.003118       128355 
    8.600  9608.000000     0.104285     0.005250       128874 
    8.700  9887.000000     0.154167     0.007537       127607 
    8.800  9916.000000     0.494781     0.025217       127759 
    8.900  9343.000000     0.133060     0.006740       127412 
    9.000  9420.000000     0.338131     0.016845       127587 
    9.100  8944.000000     0.383979     0.019076       128456 
    9.200  9033.000000     0.654823     0.032283       128799 
    9.300  9299.000000     0.108417     0.005406       130528 
    9.400  8943.000000     0.378544     0.018841       127816 
    9.500  9328.000000     0.272029     0.013912       127601 
    9.600  8945.000000     0.578957     0.029649       125156 
    9.700  9339.000000     0.452623     0.022467       124896 
    9.800  8831.000000     0.193360     0.009509       124239 
    9.900  8863.000000     0.254263     0.012372       123227 
   10.000  8373.000000     0.189334     0.009622       124209 
   10.100  9277.000000     0.446797     0.022925       125725 
   10.200  8678.000000     0.163842     0.008318       125793 
   10.300  8780.000000     0.320339     0.016273       125049 
   10.400  8544.000000     0.215777     0.011033       125481 
   10.500  8901.000000     0.178799     0.009318       123708 
   10.600  8730.000000     0.332828     0.017044       122699 
   10.700  8618.000000     0.637647     0.031870       123212 
   10.800  8695.000000     0.406957     0.020662       121432 
   10.900  8459.000000     0.324315     0.016406       123278 
   11.000  8584.000000     0.549968     0.028402       120036 
   11.100  8400.000000     0.427724     0.021404       122521 
   11.200  8151.000000     0.080926     0.004038       122262 
   11.300  8368.000000     0.191289     0.009463       123295 
   11.400  8512.000000     0.374574     0.019059       123391 
   11.500  8397.000000     0.326958     0.016399       119696 
   11.600  8529.000000     0.469412     0.023377       119732 
   11.700  8521.000000     0.187261     0.009327       118984 
   11.800  8666.000000     0.414908     0.020718       119712 
   11.900  8539.000000     0.345010     0.017642       117757 
   12.000  8295.000000     0.233489     0.011970       120068 
   12.100  8544.000000     0.022864     0.001190       121578 
   12.200  8948.000000    -0.060951    -0.003071       120317 
   12.300  8554.000000     0.561805     0.028632       119429 
   12.400  8318.000000     0.270630     0.013390       119865 
   12.500  8366.000000     0.235172     0.011735       118533 
   12.600  8201.000000     0.553685     0.027565       118637 
   12.700  8033.000000     0.118827     0.006043       116714 
   12.800  7899.000000    -0.128968    -0.006538       117911 
   12.900  7680.000000     0.477612     0.024419       117130 
   13.000  8132.000000     0.681384     0.034813       120344 
   13.100  8467.000000     0.386117     0.019203       119224 
   13.200  8585.000000     0.205730     0.010232       116583 
   13.300  8473.000000     0.064662     0.003210       114969 
   13.400  8164.000000    -0.137960    -0.006836       116970 
   13.500  7756.000000    -0.009203    -0.000467       117834 
   13.600  7843.000000     0.163861     0.008200       117170 
   13.700  8046.000000     0.443907     0.022379       118403 
   13.800  8436.000000     0.378181     0.019371       117392 
   13.900  8139.000000     0.360679     0.017845       116303 
   14.000  8134.000000     0.276513     0.013654       116651 
   14.100  8727.000000     0.437315     0.022300       115819 
   14.200  8874.000000     0.213367     0.010813       116748 
   14.300  8821.000000     0.265205     0.013526       117394 
   14.400  8884.000000     0.453262     0.022268       117257 
   14.500  9096.000000     0.353077     0.017894       118785 
   14.600  9055.000000     0.194530     0.010084       117297 
   14.700  8022.000000     0.084630     0.004304       117528 
   14.800  8180.000000     0.153009     0.007721       116730 
   14.900  7985.000000     0.298777     0.015079       116136 
   15.000  8316.000000     0.251950     0.012860       116376 
   15.100  7970.000000     0.376181     0.019324       116671 
   15.200  8183.000000     0.461412     0.023212       115217 
   15.300  8201.000000     0.703352     0.035101       112709 
   15.400  8371.000000     0.241565     0.011907       114391 
   15.500  7688.000000    -0.102597    -0.005134       115075 
   15.600  8207.000000     0.234370     0.011994       114013 
   15.700  8277.000000     0.366534     0.018522       114864 
   15.800  7915.000000     0.151646     0.007618       113616 
   15.900  8250.000000    -0.062204    -0.003062       113645 
   16.000  8200.000000    -0.030159    -0.001505       113627 
   16.100  8644.000000    -0.008062    -0.000402       111635 
   16.200  8729.000000     0.272089     0.013758       113070 
   16.300  8938.000000     0.047121     0.002344       113254 
   16.400  8511.000000     0.199230     0.010080       111232 
   16.500  8943.000000    -0.231709    -0.011522       111461 
   16.600  8211.000000     0.041794     0.002084       110922 
   16.700  8651.000000     0.266236     0.013328       111475 
   16.800  8273.000000     0.094024     0.004747       111059 
   16.900  8397.000000    -0.144934    -0.007486       111244 
   17.000  8203.000000     0.055213     0.002866       109848 
   17.100  8060.000000     0.167611     0.008754       111178 
   17.200  7968.000000     0.145611     0.007688       109526 
   17.300  8192.000000    -0.030642    -0.001602       108550 
   17.400  8648.000000    -0.122241    -0.006226       109541 
   17.500  8729.000000     0.166699     0.008770       110824 
   17.600  8581.000000     0.443293     0.023767       109171 
   17.700  7997.000000    -0.004565    -0.000237       107240 
   17.800  7931.000000    -0.012768    -0.000676       107432 
   17.900  8280.000000    -0.087162    -0.004437       107520 
   18.000  8611.000000     0.199740     0.010228       108439 
   18.100  8281.000000    -0.224169    -0.011212       107287 
   18.200  8826.000000    -0.198323    -0.010018       108377 
   18.300  8688.000000     0.203883     0.010173       106682 
   18.400  8730.000000     0.155032     0.007862       108415 
   18.500  8674.000000     0.418177     0.020832       109203 
   18.600  9630.000000    -0.047641    -0.002397       109387 
   18.700  8014.000000     0.138986     0.006969       108074 
   18.800  8290.000000     0.506598     0.025533       107643 
   18.900  8683.000000     0.355101     0.017844       109942 
   19.000  8688.000000     0.556416     0.028011       109077 
   19.100  8688.000000     0.298870     0.014583       109331 
   19.200  7940.000000     0.183371     0.009140       108514 
   19.300  8693.000000     0.503574     0.025240       107503 
   19.400  8819.000000     0.473562     0.024441       108498 
   19.500  9133.000000     0.376168     0.019357       107632 
   19.600  8751.000000     0.296195     0.014731       106856 
   19.700  8830.000000     0.732300     0.035609       108089 
   19.800  8329.000000     0.035670     0.001803       107620 
   19.900  8139.000000     0.202830     0.010258       109305 
   20.000  8455.000000     0.054706     0.002798       109099 
   20.100  8132.000000    -0.073089    -0.003719       106927 
   20.200  7634.000000    -0.345859    -0.017077       105581 
   20.300  7969.000000     0.039791     0.001994       105915 
   20.400  8235.000000     0.165686     0.008374       105793 
   20.500  8433.000000     0.142743     0.007376       106383 
   20.600  7865.000000     0.180346     0.009286       106521 
   20.700  8328.000000     0.119010     0.006040       105669 
   20.800  8242.000000     0.229183     0.011506       105863 
   20.900  8440.000000     0.138582     0.007206       104338 
   21.000  8554.000000     0.067656     0.003500       106447 
   21.100  8466.000000    -0.001803    -0.000088       104931 
   21.200  8635.000000    -0.031033    -0.001535       105109 
   21.300  8468.000000     0.052035     0.002506       104993 
   21.400  9023.000000     0.115482     0.005721       105843 
   21.500  8743.000000     0.124409     0.006189       103694 
   21.600  8691.000000     0.146054     0.007329       103344 
   21.700  8949.000000     0.138876     0.006950       103895 
   21.800  8883.000000     0.425873     0.021436       103272 
   21.900  8233.000000     0.490718     0.024491       103598 
   22.000  8580.000000     0.298568     0.014721       102602 
   22.100  8368.000000     0.061747     0.003096       102826 
   22.200  8322.000000     0.015273     0.000767       102604 
   22.300  8157.000000     0.219312     0.010920       103577 
   22.400  8248.000000     0.142705     0.007242       103984 
   22.500  8128.000000     0.417656     0.021220       101575 
   22.600  8782.000000     0.115920     0.005807       100978 
   22.700  9010.000000    -0.098014    -0.004903       102777 
   22.800  8425.000000    -0.208675    -0.010471       102414 
   22.900  8673.000000    -0.000888    -0.000044       103202 
   23.000  8230.000000     0.338818     0.017038       102807 
   23.100  8433.000000     0.237220     0.011747       102154 
   23.200  7864.000000     0.414748     0.020365       102035 
   23.300  8154.000000     0.158046     0.007843       101728 
   23.400  7924.000000    -0.155391    -0.007601       103222 
   23.500  8127.000000    -0.059295    -0.002904       103741 
   23.600  8588.000000     0.314682     0.015181       102973 
   23.700  8153.000000     0.403309     0.020010       103394 
   23.800  8485.000000    -0.072986    -0.003655       100892 
   23.900  8272.000000     0.051009     0.002573        98380 
   24.000  8618.000000     0.168571     0.008275        97430 
   24.100  8204.000000     0.006999     0.000339        98099 
   24.200  7605.000000    -0.051794    -0.002537        99830 
   24.300  7567.000000     0.273553     0.013470       102317 
   24.400  8112.000000    -0.016416    -0.000836       102292 
   24.500  8134.000000    -0.040242    -0.002015       101977 
   24.600  8056.000000     0.339835     0.017021       100624 
   24.700  8338.000000     0.577683     0.029595        99390 
   24.800  8818.000000     0.123906     0.006289        98222 
   24.900  9094.000000     0.035881     0.001808        96821 
   25.000  8728.000000     0.047968     0.002383        99541 
   25.100  8077.000000     0.229988     0.011426        99235 
   25.200  8385.000000     0.340389     0.016889       100309 
   25.300  8186.000000     0.283419     0.014047        98731 
   25.400  8079.000000     0.000369     0.000018        99277 
   25.500  7588.000000    -0.150113    -0.007560        99854 
   25.600  7976.000000     0.254523     0.012916        98373 
   25.700  8291.000000    -0.170231    -0.008809        98574 
   25.800  8533.000000    -0.358588    -0.018148        98461 
   25.900  8143.000000     0.220624     0.011303        98316 
   26.000  8051.000000     0.524880     0.025841       100793 
   26.100  8215.000000    -0.019190    -0.000947        99177 
   26.200  8121.000000     0.063846     0.003074       100162 
   26.300  8126.000000     0.475089     0.023556        99990 
   26.400  7800.000000     0.182040     0.009193        98203 
   26.500  7895.000000     0.356132     0.017905        98411 
   26.600  7740.000000    -0.026218    -0.001285        99505 
   26.700  8338.000000     0.083475     0.004103        96791 
   26.800  8110.000000    -0.324329    -0.016093        98941 
   26.900  8186.000000    -0.221128    -0.010965        99195 
   27.000  8194.000000     0.020189     0.000994        95938 
   27.100  7849.000000    -0.174563    -0.008660        96485 
   27.200  7514.000000     0.160501     0.007992        98062 
   27.300  7413.000000     0.249278     0.012187        96117 
   27.400  7583.000000    -0.095484    -0.004751        96625 
   27.500  7678.000000    -0.005391    -0.000269        95039 
   27.600  7908.000000    -0.084687    -0.004299        95796 
   27.700  7907.000000     0.189525     0.009322        97541 
   27.800  8029.000000    -0.330059    -0.016436        97503 
   27.900  8315.000000    -0.071348    -0.003519        95329 
   28.000  8333.000000     0.161617     0.008057        92604 
   28.100  7781.000000    -0.159230    -0.008076        93020 
   28.200  7845.000000    -0.092610    -0.004766        93429 
   28.300  7202.000000    -0.069287    -0.003558        93924 
   28.400  7101.000000    -0.257808    -0.012939        93767 
   28.500  6767.000000    -0.133290    -0.006736        93457 
   28.600  7129.000000     0.202078     0.010094        94723 
   28.700  7721.000000    -0.110546    -0.005430        93130 
   28.800  8220.000000    -0.031410    -0.001554        94116 
   28.900  7903.000000     0.041642     0.002042        95269 
   29.000  7956.000000    -0.083808    -0.004152        94027 
   29.100  7633.000000    -0.263297    -0.013043        94002 
   29.200  7777.000000    -0.044177    -0.002195        94665 
   29.300  7999.000000    -0.230708    -0.011574        95837 
   29.400  7432.000000    -0.040994    -0.002004        94231 
   29.500  7002.000000    -0.334070    -0.016267        94389 
   29.600  7000.000000    -0.245257    -0.011789        95159 
   29.700  7220.000000    -0.326861    -0.016225        95538 
   29.800  6914.000000    -0.178064    -0.008727        93181 
   29.900  7028.000000    -0.572715    -0.029809        93352 
   30.000  7372.000000     0.154374     0.007816        96329 
   30.100  7963.000000     0.316903     0.015935        93982 
   30.200  7840.000000     0.249937     0.012300        95214 
   30.300  7396.000000    -0.438662    -0.022188        94231 
   30.400  7564.000000    -0.048087    -0.002422        95582 
   30.500  8140.000000     0.157673     0.007705        96227 
   30.600  7708.000000     0.199528     0.009923        93376 
   30.700  7654.000000     0.355021     0.017829        92759 
   30.800  7372.000000    -0.176953    -0.008383        92572 
   30.900  7729.000000    -0.155047    -0.007522        93701 
   31.000  8419.000000    -0.222653    -0.011112        91790 
   31.100  8117.000000     0.383544     0.019470        89998 
   31.200  7932.000000     0.389851     0.019239        92376 
   31.300  7644.000000     0.290536     0.014550        90507 
   31.400  7966.000000     0.296219     0.015015        91790 
   31.500  7691.000000     0.117391     0.006042        91571 
   31.600  7697.000000    -0.294042    -0.014652        91130 
   31.700  7175.000000    -0.160358    -0.007972        91242 
   31.800  7452.000000    -0.015197    -0.000751        90044 
   31.900  7536.000000     0.166231     0.008112        90143 
   32.000  8147.000000     0.163138     0.008162        90405 
   32.100  7739.000000     0.038567     0.001929        89124 
   32.200  8295.000000     0.306659     0.015299        90073 
   32.300  8334.000000     0.394284     0.020008        88280 
   32.400  7941.000000     0.175272     0.008712        88895 
   32.500  7186.000000    -0.161599    -0.008261        88661 
   32.600  7251.000000     0.203674     0.010404        89338 
   32.700  7687.000000     0.030617     0.001539        88742 
   32.800  7437.000000    -0.005533    -0.000273        89354 
   32.900  7753.000000    -0.017826    -0.000886        88734 
   33.000  7726.000000    -0.210079    -0.010532        88707 
   33.100  7989.000000     0.068739     0.003428        88415 
   33.200  7814.000000     0.399027     0.020014        88872 
   33.300  7417.000000    -0.148146    -0.007468        89016 
   33.400  7532.000000    -0.030808    -0.001558        88958 
   33.500  7464.000000    -0.217634    -0.010993        88652 
   33.600  7664.000000    -0.320609    -0.016225        89569 
   33.700  7593.000000    -0.357269    -0.017457        89617 
   33.800  7310.000000     0.419652     0.020513        91209 
   33.900  7270.000000    -0.031685    -0.001545        91576 
   34.000  7680.000000    -0.005349    -0.000257        88286 
   34.100  7244.000000    -0.124712    -0.006133        88846 
   34.200  7373.000000    -0.194255    -0.009645        88628 
   34.300  7702.000000     0.021494     0.001084        87660 
   34.400  7410.000000     0.071966     0.003505        88851 
   34.500  7270.000000     0.032073     0.001578        88182 
   34.600  7671.000000     0.410448     0.020066        87033 
   34.700  7333.000000     0.159245     0.007923        88858 
   34.800  7303.000000    -0.224011    -0.011261        88836 
   34.900  7148.000000    -0.051715    -0.002650        86402 
   35.000  7180.000000     0.128314     0.006593        86141 
   35.100  7141.000000    -0.074182    -0.003673        87054 
   35.200  7270.000000    -0.295867    -0.014730        86705 
   35.300  7853.000000    -0.203142    -0.010400        84862 
   35.400  7762.000000    -0.381402    -0.019240        84537 
   35.500  8182.000000    -0.013626    -0.000685        86340 
   35.600  8282.000000     0.241219     0.012187        86975 
   35.700  8343.000000    -0.121494    -0.006064        86142 
   35.800  8014.000000    -0.284953    -0.014335        85670 
   35.900  7853.000000    -0.305989    -0.015642        87653 
   36.000  8414.000000    -0.152323    -0.007698        86741 
   36.100  8088.000000     0.038230     0.001921        86645 
   36.200  7551.000000    -0.250494    -0.012862        84731 
   36.300  7714.000000    -0.332311    -0.016738        85352 
   36.400  7908.000000     0.053979     0.002669        85476 
   36.500  8355.000000     0.185295     0.009515        84487 
   36.600  8131.000000    -0.412628    -0.020847        82633 
   36.700  7607.000000    -0.149433    -0.007251        83900 
   36.800  7426.000000    -0.039057    -0.001927        84884 
   36.900  7798.000000     0.169357     0.008446        85325 
   37.000  7617.000000     0.102891     0.005087        86591 
   37.100  7941.000000     0.514977     0.025309        84718 
   37.200  8030.000000     0.237936     0.011660        86348 
   37.300  7475.000000    -0.060290    -0.002975        86600 
   37.400  7865.000000     0.309739     0.015044        86041 
   37.500  7921.000000     0.170357     0.008339        85134 
   37.600  7563.000000     0.248706     0.012509        85508 
   37.700  7406.000000    -0.154078    -0.007822        85419 
   37.800  7843.000000     0.222124     0.011124        85806 
   37.900  7884.000000    -0.030283    -0.001586        86740 
   38.000  8216.000000     0.012660     0.000648        85631 
   38.100  7686.000000    -0.197393    -0.009964        83619 
   38.200  7600.000000     0.184682     0.009649        85306 
   38.300  7686.000000     0.007644     0.000397        86323 
   38.400  7457.000000    -0.235212    -0.011708        83822 
   38.500  7510.000000     0.177346     0.009279        82814 
   38.600  7273.000000    -0.143340    -0.007315        82022 
   38.700  7484.000000     0.021090     0.001046        81968 
   38.800  7648.000000     0.320150     0.015519        83422 
   38.900  7895.000000     0.477349     0.023460        83044 
   39.000  7739.000000     0.220975     0.010877        82836 
   39.100  7380.000000     0.050194     0.002505        82347 
   39.200  7236.000000    -0.152923    -0.007747        82815 
   39.300  7148.000000     0.153171     0.007654        83534 
   39.400  7552.000000     0.334610     0.016679        81861 
   39.500  7632.000000    -0.004668    -0.000230        81910 
   39.600  7060.000000    -0.363165    -0.018837        82502 
   39.700  7533.000000     0.260092     0.013161        84820 
   39.800  7467.000000     0.094963     0.004736        83315 
   39.900  7176.000000    -0.027913    -0.001420        83423 
   40.000  7704.000000    -0.025420    -0.001272        82523 
