## Jackknife output: chrom 19
    0.100  1479.000000     4.747757     0.227451       114616 
    0.200  2018.000000     3.015759     0.150373       165207 
    0.300  2273.000000     2.356080     0.120184       170651 
    0.400  1941.000000     2.098512     0.103375       169587 
    0.500  1891.000000     2.030883     0.101656       169860 
    0.600  1952.000000     1.772526     0.088867       170240 
    0.700  1827.000000     1.626261     0.081355       166512 
    0.800  1794.000000     1.763415     0.086979       166473 
    0.900  2119.000000     1.424638     0.070048       168292 
    1.000  2409.000000     1.247635     0.061085       167408 
    1.100  2134.000000     1.231165     0.060700       165911 
    1.200  2308.000000     1.264410     0.061341       167116 
    1.300  1929.000000     1.367757     0.066082       165876 
    1.400  2025.000000     1.320389     0.065413       163470 
    1.500  1919.000000     1.365083     0.067770       161098 
    1.600  1937.000000     1.069652     0.054172       160352 
    1.700  1795.000000     0.977637     0.050616       160815 
    1.800  1616.000000     0.969551     0.048641       162582 
    1.900  2140.000000     0.836618     0.041370       161073 
    2.000  2007.000000     0.796008     0.039347       159684 
    2.100  2207.000000     0.781519     0.038438       161762 
    2.200  1901.000000     0.659240     0.032130       159672 
    2.300  1658.000000     0.819412     0.040807       159858 
    2.400  2012.000000     0.694333     0.034932       159549 
    2.500  1805.000000     0.727078     0.036548       155499 
    2.600  1832.000000     0.685321     0.035336       153336 
    2.700  1718.000000     0.718039     0.037002       154521 
    2.800  1741.000000     0.832790     0.042243       153769 
    2.900  1702.000000     0.793053     0.039724       152345 
    3.000  1902.000000     0.548745     0.026792       155743 
    3.100  1900.000000     0.545308     0.026883       153550 
    3.200  1701.000000     0.405465     0.019792       154371 
    3.300  1680.000000     0.575149     0.028788       155171 
    3.400  1983.000000     0.818180     0.042239       153160 
    3.500  1799.000000     0.761922     0.038034       153286 
    3.600  1891.000000     0.787586     0.039066       151779 
    3.700  1738.000000     0.572082     0.028534       151310 
    3.800  1660.000000     0.097574     0.004849       152208 
    3.900  1781.000000     0.481539     0.023338       149268 
    4.000  2123.000000     0.587123     0.029387       151270 
    4.100  1780.000000     0.576487     0.028715       150083 
    4.200  1855.000000     0.520892     0.026116       151069 
    4.300  1612.000000     0.524779     0.026777       150222 
    4.400  1832.000000     0.540985     0.027273       149094 
    4.500  1686.000000     0.420746     0.021057       147788 
    4.600  1676.000000     0.391838     0.019617       149468 
    4.700  1664.000000     0.634020     0.031476       148056 
    4.800  1600.000000     0.392686     0.019764       147652 
    4.900  1580.000000     0.014599     0.000726       148408 
    5.000  1624.000000     0.283456     0.014028       147621 
    5.100  1649.000000     0.410692     0.021122       147952 
    5.200  1527.000000     0.417721     0.021071       150705 
    5.300  1654.000000     0.487493     0.024587       149051 
    5.400  1711.000000     0.080332     0.003966       146944 
    5.500  1702.000000     0.459356     0.023338       148291 
    5.600  1604.000000     0.419259     0.021345       149180 
    5.700  1710.000000     0.611706     0.030923       145969 
    5.800  1742.000000     0.371815     0.018587       146084 
    5.900  1808.000000     0.244290     0.012170       143890 
    6.000  1856.000000     0.515870     0.025945       145155 
    6.100  1921.000000     0.582356     0.029212       144133 
    6.200  1632.000000     0.390411     0.019597       141313 
    6.300  1591.000000     0.430745     0.021591       140963 
    6.400  1526.000000     0.451800     0.022371       142477 
    6.500  1685.000000     0.118261     0.005830       142055 
    6.600  1679.000000    -0.280402    -0.013877       143202 
    6.700  1754.000000     0.150518     0.007321       143343 
    6.800  1574.000000     0.376884     0.018410       142005 
    6.900  1531.000000     0.355010     0.017606       142189 
    7.000  1589.000000     0.248606     0.012411       142333 
    7.100  1412.000000     0.348039     0.017615       142025 
    7.200  1423.000000     0.445423     0.022378       141496 
    7.300  1475.000000     0.486938     0.024374       141670 
    7.400  1468.000000     0.440055     0.021704       140461 
    7.500  1409.000000     0.382159     0.018665       140309 
    7.600  1505.000000     0.382860     0.018957       138964 
    7.700  1263.000000     0.441384     0.022663       138635 
    7.800  1188.000000     0.606409     0.030504       139738 
    7.900  1187.000000     0.462062     0.023930       141510 
    8.000  1256.000000     0.625984     0.032416       141627 
    8.100  1193.000000     0.203380     0.010108       140395 
    8.200  1194.000000     0.212523     0.010602       140978 
    8.300  1234.000000     0.508318     0.025357       139305 
    8.400  1373.000000     0.343382     0.016934       136234 
    8.500  1249.000000     0.090895     0.004641       136604 
    8.600  1407.000000     0.095504     0.004794       137075 
    8.700  1278.000000     0.172419     0.008425       136216 
    8.800  1128.000000     0.530771     0.026968       136547 
    8.900  1200.000000     0.197032     0.009981       135555 
    9.000  1211.000000     0.272531     0.013575       135796 
    9.100  1139.000000     0.368933     0.018262       136261 
    9.200  1365.000000     0.598484     0.029557       136467 
    9.300  1172.000000     0.096101     0.004778       138655 
    9.400  1194.000000     0.364026     0.018026       135565 
    9.500  1210.000000     0.118543     0.006041       135719 
    9.600  1125.000000     0.498630     0.025467       132976 
    9.700  1161.000000     0.344960     0.017029       133074 
    9.800  1183.000000     0.206803     0.010100       131887 
    9.900  1267.000000     0.280580     0.013558       130823 
   10.000  1360.000000     0.229280     0.011557       131222 
   10.100  1426.000000     0.492553     0.025209       133576 
   10.200  1235.000000     0.115717     0.005834       133236 
   10.300  1196.000000     0.269928     0.013579       132633 
   10.400  1380.000000     0.236805     0.012039       132645 
   10.500  1192.000000     0.193309     0.009978       131417 
   10.600  1238.000000     0.213827     0.010929       130191 
   10.700  1138.000000     0.572835     0.028678       130692 
   10.800  1286.000000     0.369346     0.018724       128841 
   10.900  1170.000000     0.314345     0.015813       130567 
   11.000  1215.000000     0.569185     0.029251       127405 
   11.100  1121.000000     0.343951     0.017092       129800 
   11.200  1206.000000    -0.012506    -0.000625       129207 
   11.300  1118.000000     0.200450     0.009958       130545 
   11.400  1162.000000     0.367396     0.018784       130741 
   11.500  1184.000000     0.247107     0.012386       126909 
   11.600  1184.000000     0.354953     0.017561       127077 
   11.700  1260.000000     0.118556     0.005883       126245 
   11.800   948.000000     0.405617     0.020183       127430 
   11.900  1157.000000     0.425362     0.021629       125139 
   12.000  1265.000000     0.293656     0.014931       127098 
   12.100  1244.000000     0.060939     0.003148       128878 
   12.200  1146.000000    -0.012464    -0.000626       128119 
   12.300  1052.000000     0.555927     0.028128       126931 
   12.400  1041.000000     0.236549     0.011584       127142 
   12.500  1260.000000     0.245126     0.012095       125639 
   12.600  1060.000000     0.532183     0.026356       125778 
   12.700   989.000000     0.119834     0.006047       123758 
   12.800  1160.000000    -0.134760    -0.006789       124650 
   12.900  1049.000000     0.446451     0.022730       123761 
   13.000  1223.000000     0.680388     0.034391       127253 
   13.100  1332.000000     0.458787     0.022598       126359 
   13.200  1170.000000     0.233573     0.011598       123998 
   13.300  1239.000000     0.119022     0.005881       122203 
   13.400  1224.000000    -0.157686    -0.007764       123910 
   13.500  1181.000000    -0.055023    -0.002779       124409 
   13.600  1107.000000     0.167614     0.008363       123906 
   13.700   791.000000     0.484166     0.024261       125658 
   13.800   948.000000     0.356229     0.018116       124880 
   13.900   984.000000     0.369006     0.018077       123458 
   14.000  1087.000000     0.217145     0.010668       123698 
   14.100  1066.000000     0.445399     0.022519       123480 
   14.200  1029.000000     0.263547     0.013274       124593 
   14.300  1153.000000     0.269568     0.013721       125062 
   14.400  1121.000000     0.484018     0.023639       125020 
   14.500  1236.000000     0.305033     0.015449       126645 
   14.600   887.000000     0.195633     0.010027       125465 
   14.700   951.000000     0.035824     0.001804       124599 
   14.800   780.000000     0.177815     0.008948       124130 
   14.900   940.000000     0.309305     0.015635       123181 
   15.000   974.000000     0.275240     0.013945       123718 
   15.100  1115.000000     0.381554     0.019492       123526 
   15.200  1071.000000     0.402535     0.020039       122329 
   15.300   997.000000     0.541439     0.026901       119913 
   15.400  1079.000000     0.194301     0.009492       121683 
   15.500  1172.000000    -0.106618    -0.005302       121591 
   15.600  1040.000000     0.237008     0.012049       121180 
   15.700   903.000000     0.385956     0.019370       122238 
   15.800  1067.000000     0.108649     0.005428       120464 
   15.900  1207.000000    -0.057196    -0.002792       120688 
   16.000  1055.000000    -0.050266    -0.002494       120772 
   16.100  1116.000000    -0.001809    -0.000090       119163 
   16.200   966.000000     0.363849     0.018315       120833 
   16.300  1241.000000     0.095165     0.004731       120951 
   16.400  1117.000000     0.169263     0.008573       118626 
   16.500  1114.000000    -0.214867    -0.010670       119290 
   16.600  1070.000000     0.012550     0.000624       118063 
   16.700  1133.000000     0.284115     0.014128       118993 
   16.800  1420.000000     0.043787     0.002200       117912 
   16.900  1331.000000    -0.163393    -0.008389       118310 
   17.000  1459.000000     0.075760     0.003910       116592 
   17.100  1071.000000     0.201432     0.010439       118167 
   17.200  1312.000000     0.199187     0.010441       116182 
   17.300  1096.000000     0.000451     0.000023       115646 
   17.400  1324.000000    -0.123511    -0.006267       116865 
   17.500  1290.000000     0.167334     0.008751       118263 
   17.600  1041.000000     0.470829     0.025013       116711 
   17.700  1148.000000    -0.009436    -0.000487       114089 
   17.800  1040.000000     0.027333     0.001437       114323 
   17.900  1104.000000    -0.067147    -0.003380       114696 
   18.000  1079.000000     0.178590     0.009020       115971 
   18.100   970.000000    -0.231495    -0.011451       114598 
   18.200  1107.000000    -0.197102    -0.009898       116096 
   18.300  1382.000000     0.247405     0.012337       113988 
   18.400  1285.000000     0.121253     0.006112       115860 
   18.500  1335.000000     0.371987     0.018414       116542 
   18.600  1161.000000    -0.011291    -0.000565       117856 
   18.700   956.000000     0.105611     0.005262       115132 
   18.800  1105.000000     0.462139     0.023172       114828 
   18.900  1090.000000     0.370554     0.018463       117535 
   19.000  1200.000000     0.561396     0.028015       116565 
   19.100  1041.000000     0.349994     0.016985       116978 
   19.200  1019.000000     0.316756     0.015742       115435 
   19.300  1154.000000     0.565269     0.028106       115042 
   19.400  1433.000000     0.491018     0.025278       115884 
   19.500  1285.000000     0.352985     0.018050       115480 
   19.600  1088.000000     0.359613     0.017716       114519 
   19.700   876.000000     0.872829     0.042365       116043 
   19.800  1155.000000     0.060696     0.003061       114794 
   19.900  1235.000000     0.188355     0.009467       116209 
   20.000  1009.000000     0.059597     0.003053       116545 
   20.100  1084.000000    -0.073695    -0.003789       113975 
   20.200  1071.000000    -0.291031    -0.014403       112144 
   20.300  1195.000000     0.105326     0.005268       112689 
   20.400  1408.000000     0.081050     0.004078       112620 
   20.500  1337.000000     0.195302     0.010067       113479 
   20.600   920.000000     0.204384     0.010442       113466 
   20.700   909.000000     0.160248     0.008137       113088 
   20.800  1209.000000     0.204214     0.010201       112896 
   20.900  1038.000000     0.122873     0.006314       111740 
   21.000  1046.000000     0.101538     0.005206       113955 
   21.100   997.000000    -0.034856    -0.001709       112400 
   21.200   906.000000    -0.167936    -0.008246       112838 
   21.300  1152.000000    -0.002534    -0.000121       112309 
   21.400  1057.000000     0.145883     0.007141       113809 
   21.500  1144.000000     0.119755     0.005888       111293 
   21.600   942.000000     0.146886     0.007309       111093 
   21.700  1006.000000     0.233827     0.011632       111838 
   21.800   920.000000     0.454697     0.022699       111235 
   21.900  1221.000000     0.480148     0.023768       110610 
   22.000  1181.000000     0.256688     0.012619       110001 
   22.100  1088.000000     0.024798     0.001242       110106 
   22.200   968.000000    -0.015020    -0.000751       109958 
   22.300  1226.000000     0.266469     0.013336       110508 
   22.400  1232.000000     0.194956     0.009902       111000 
   22.500  1222.000000     0.440955     0.022288       108481 
   22.600  1114.000000     0.159614     0.007977       108646 
   22.700   934.000000    -0.122565    -0.006106       110853 
   22.800  1188.000000    -0.138739    -0.006964       109651 
   22.900  1322.000000    -0.022844    -0.001137       110553 
   23.000  1348.000000     0.302933     0.015199       109689 
   23.100  1107.000000     0.257884     0.012736       109480 
   23.200  1268.000000     0.464304     0.022738       108631 
   23.300  1156.000000     0.110310     0.005460       108726 
   23.400  1227.000000    -0.195445    -0.009577       109919 
   23.500  1325.000000    -0.093117    -0.004556       110543 
   23.600   912.000000     0.330010     0.015881       110649 
   23.700   930.000000     0.401390     0.019907       110617 
   23.800  1110.000000    -0.066055    -0.003283       108267 
   23.900  1222.000000     0.114329     0.005710       105430 
   24.000   984.000000     0.159467     0.007753       105064 
   24.100  1012.000000     0.023060     0.001103       105291 
   24.200  1233.000000    -0.036775    -0.001788       106202 
   24.300  1210.000000     0.238842     0.011706       108674 
   24.400  1204.000000    -0.087833    -0.004437       109200 
   24.500  1007.000000    -0.004386    -0.000218       109104 
   24.600   786.000000     0.324127     0.016190       107894 
   24.700   863.000000     0.557826     0.028435       106865 
   24.800   742.000000     0.155528     0.007830       106298 
   24.900   915.000000     0.133454     0.006725       105000 
   25.000   814.000000     0.139526     0.006932       107455 
   25.100   841.000000     0.295627     0.014707       106471 
   25.200   880.000000     0.479980     0.023697       107814 
   25.300   881.000000     0.349714     0.017338       106036 
   25.400  1160.000000     0.087654     0.004373       106196 
   25.500  1261.000000    -0.082508    -0.004169       106181 
   25.600  1026.000000     0.305806     0.015517       105323 
   25.700   795.000000    -0.035281    -0.001818       106070 
   25.800   953.000000    -0.173114    -0.008767       106041 
   25.900   996.000000     0.277191     0.014124       105463 
   26.000   917.000000     0.561147     0.027428       107927 
   26.100   878.000000     0.155968     0.007686       106514 
   26.200   891.000000     0.080127     0.003869       107392 
   26.300   971.000000     0.491421     0.024309       107145 
   26.400   949.000000     0.182727     0.009208       105054 
   26.500   985.000000     0.356157     0.017864       105321 
   26.600   892.000000     0.001300     0.000064       106353 
   26.700   909.000000     0.050497     0.002466       104220 
   26.800  1051.000000    -0.281989    -0.013840       106000 
   26.900   843.000000    -0.220326    -0.010883       106538 
   27.000   862.000000     0.017819     0.000873       103270 
   27.100   920.000000    -0.198948    -0.009895       103414 
   27.200   769.000000     0.083237     0.004141       104807 
   27.300   845.000000     0.253081     0.012342       102685 
   27.400  1005.000000    -0.069364    -0.003446       103203 
   27.500   961.000000     0.087034     0.004356       101756 
   27.600  1032.000000     0.061509     0.003141       102672 
   27.700   927.000000     0.269943     0.013364       104521 
   27.800   844.000000    -0.289044    -0.014329       104688 
   27.900  1037.000000    -0.013361    -0.000656       102607 
   28.000   803.000000     0.165390     0.008215       100134 
   28.100   771.000000    -0.175676    -0.008861       100030 
   28.200   951.000000    -0.015527    -0.000795       100323 
   28.300   884.000000    -0.092299    -0.004722       100242 
   28.400  1039.000000    -0.252505    -0.012665        99829 
   28.500   831.000000    -0.083420    -0.004189        99393 
   28.600   932.000000     0.244185     0.012111       100920 
   28.700   809.000000    -0.027341    -0.001345       100042 
   28.800   904.000000     0.014988     0.000739       101432 
   28.900   972.000000     0.140858     0.006893       102200 
   29.000   837.000000    -0.085139    -0.004185       101146 
   29.100   941.000000    -0.244377    -0.011996       100694 
   29.200   858.000000    -0.038282    -0.001899       101584 
   29.300   837.000000    -0.194458    -0.009682       102999 
   29.400   902.000000    -0.070600    -0.003426       100761 
   29.500  1159.000000    -0.345071    -0.016733       100232 
   29.600   980.000000    -0.223309    -0.010667       101179 
   29.700   914.000000    -0.301477    -0.014864       101844 
   29.800   980.000000    -0.109371    -0.005320        99115 
   29.900   791.000000    -0.500648    -0.025832        99589 
   30.000   850.000000     0.174382     0.008755       102851 
   30.100   804.000000     0.286399     0.014248       101141 
   30.200   795.000000     0.240708     0.011798       102259 
   30.300   796.000000    -0.433117    -0.021683       100831 
   30.400   763.000000    -0.020491    -0.001018       102383 
   30.500   818.000000     0.172612     0.008345       103549 
   30.600   676.000000     0.225179     0.011105       100408 
   30.700   651.000000     0.283031     0.014064        99762 
   30.800   685.000000    -0.215587    -0.010141        99259 
   30.900   740.000000    -0.189689    -0.009198       100690 
   31.000   683.000000    -0.156007    -0.007764        99526 
   31.100   682.000000     0.526510     0.026511        97433 
   31.200   760.000000     0.489446     0.024008        99548 
   31.300   616.000000     0.384160     0.019193        97535 
   31.400   875.000000     0.375411     0.019010        98881 
   31.500   844.000000     0.142673     0.007332        98418 
   31.600   645.000000    -0.225976    -0.011192        98182 
   31.700   775.000000    -0.100395    -0.004958        97642 
   31.800   654.000000    -0.026889    -0.001320        96842 
   31.900   866.000000     0.193012     0.009402        96813 
   32.000   719.000000     0.227284     0.011234        97833 
   32.100   783.000000     0.121621     0.006023        96080 
   32.200   631.000000     0.348317     0.017028        97737 
   32.300   696.000000     0.379986     0.019031        95918 
   32.400   721.000000     0.221967     0.010926        96115 
   32.500   809.000000    -0.115304    -0.005836        95038 
   32.600   744.000000     0.273320     0.013818        95845 
   32.700   736.000000     0.111835     0.005576        95693 
   32.800   835.000000     0.033123     0.001617        95956 
   32.900   739.000000     0.139270     0.006850        95748 
   33.000   873.000000    -0.104532    -0.005192        95560 
   33.100   699.000000     0.131971     0.006515        95705 
   33.200   712.000000     0.435410     0.021708        95974 
   33.300   678.000000    -0.103989    -0.005222        95755 
   33.400   781.000000     0.033488     0.001688        95709 
   33.500   685.000000    -0.152435    -0.007598        95431 
   33.600   704.000000    -0.293324    -0.014719        96529 
   33.700   796.000000    -0.283010    -0.013761        96414 
   33.800   919.000000     0.332394     0.016055        97600 
   33.900   929.000000    -0.011526    -0.000559        97917 
   34.000   812.000000    -0.006112    -0.000294        95154 
   34.100   630.000000    -0.152126    -0.007407        95460 
   34.200   752.000000    -0.136700    -0.006782        95249 
   34.300   689.000000    -0.011700    -0.000584        94673 
   34.400   804.000000     0.035693     0.001725        95457 
   34.500   797.000000     0.109328     0.005360        94655 
   34.600   718.000000     0.499547     0.024364        93986 
   34.700   725.000000     0.334450     0.016562        95466 
   34.800   754.000000    -0.169593    -0.008498        95385 
   34.900   754.000000    -0.047912    -0.002440        92796 
   35.000   730.000000     0.142825     0.007321        92591 
   35.100   632.000000    -0.066775    -0.003289        93563 
   35.200   606.000000    -0.252003    -0.012415        93369 
   35.300   750.000000    -0.170283    -0.008686        91965 
   35.400   730.000000    -0.360490    -0.017919        91569 
   35.500   726.000000     0.099545     0.004947        93796 
   35.600   744.000000     0.323306     0.016135        94513 
   35.700   811.000000    -0.112569    -0.005545        93674 
   35.800   832.000000    -0.353222    -0.017599        92852 
   35.900   798.000000    -0.324094    -0.016536        94708 
   36.000   682.000000    -0.158334    -0.007946        94473 
   36.100   617.000000    -0.016321    -0.000813        94116 
   36.200   810.000000    -0.192733    -0.009838        91472 
   36.300   833.000000    -0.313579    -0.015760        92233 
   36.400   649.000000     0.012962     0.000639        92735 
   36.500   647.000000     0.211747     0.010798        92195 
   36.600   638.000000    -0.436099    -0.022044        90126 
   36.700   641.000000    -0.125296    -0.006060        90866 
   36.800   652.000000    -0.023174    -0.001139        91658 
   36.900   564.000000     0.235528     0.011730        92559 
   37.000   605.000000     0.232278     0.011394        93603 
   37.100   723.000000     0.581568     0.028550        91936 
   37.200   757.000000     0.259302     0.012740        93621 
   37.300   771.000000    -0.083846    -0.004081        93304 
   37.400   727.000000     0.346554     0.016761        93179 
   37.500   625.000000     0.180996     0.008838        92430 
   37.600   639.000000     0.255260     0.012871        92432 
   37.700   638.000000    -0.057351    -0.002889        92187 
   37.800   600.000000     0.103309     0.005128        93049 
   37.900   587.000000    -0.005443    -0.000283        94037 
   38.000   685.000000     0.015146     0.000765        93162 
   38.100   600.000000    -0.177163    -0.008844        90705 
   38.200   727.000000     0.209268     0.010814        92179 
   38.300   763.000000     0.022132     0.001138        93246 
   38.400   764.000000    -0.238859    -0.011818        90515 
   38.500   689.000000     0.201689     0.010506        89635 
   38.600   657.000000    -0.119911    -0.006070        88638 
   38.700   724.000000     0.056747     0.002812        88728 
   38.800   767.000000     0.258366     0.012452        90303 
   38.900   647.000000     0.482595     0.023453        90292 
   39.000   580.000000     0.247292     0.012012        89995 
   39.100   637.000000     0.088636     0.004404        89090 
   39.200   807.000000    -0.025535    -0.001286        89244 
   39.300   710.000000     0.232523     0.011484        89972 
   39.400   700.000000     0.434665     0.021561        88713 
   39.500   650.000000     0.114258     0.005606        88892 
   39.600   679.000000    -0.278360    -0.014218        88883 
   39.700   727.000000     0.323363     0.016134        91626 
   39.800   812.000000     0.090861     0.004478        89970 
   39.900   682.000000    -0.092852    -0.004675        89917 
   40.000   679.000000     0.029468     0.001458        89548 
