 ##Z-score and correlation:: rolloff.ref  binsize:     0.001000
    0.100   423.726335     5.696239     0.275704      1252937 
    0.200   301.542267     3.507034     0.184201      1817557 
    0.300   216.875109     2.565690     0.135027      1887587 
    0.400   202.337412     2.455406     0.127851      1865184 
    0.500   185.253936     2.246797     0.117681      1862063 
    0.600   179.525731     2.191011     0.113342      1872313 
    0.700   162.694728     1.986844     0.103712      1865271 
    0.800   140.378238     1.753345     0.088977      1870670 
    0.900   152.641248     1.881435     0.097288      1852502 
    1.000   128.323431     1.590937     0.081620      1850942 
    1.100   121.910850     1.506733     0.077962      1854793 
    1.200   122.146475     1.527961     0.078194      1851561 
    1.300   117.758253     1.453547     0.075393      1861801 
    1.400   123.203225     1.530464     0.078535      1847659 
    1.500   106.903544     1.348682     0.068286      1841113 
    1.600   108.602481     1.369482     0.070088      1836323 
    1.700   113.260075     1.435014     0.073116      1831258 
    1.800    96.607037     1.205413     0.062097      1835797 
    1.900    99.196791     1.256143     0.064393      1808891 
    2.000    86.947079     1.090998     0.056085      1812779 
    2.100   103.623948     1.311342     0.066972      1813574 
    2.200    95.708399     1.213429     0.061962      1806168 
    2.300    80.402726     1.027109     0.052001      1823855 
    2.400    72.420976     0.921844     0.047027      1803564 
    2.500    85.841712     1.086365     0.056110      1788754 
    2.600    87.922613     1.124998     0.057284      1794107 
    2.700    89.879997     1.153080     0.058486      1804098 
    2.800    73.887152     0.925738     0.047759      1808767 
    2.900    80.994082     1.009545     0.052625      1803011 
    3.000    82.855079     1.045201     0.054221      1789525 
    3.100    71.733010     0.920107     0.046756      1793516 
    3.200    58.838528     0.753535     0.038271      1796194 
    3.300    76.254229     0.962705     0.049515      1800918 
    3.400    65.608061     0.824098     0.042914      1783063 
    3.500    69.678420     0.884864     0.045412      1782040 
    3.600    58.100027     0.736523     0.038032      1768023 
    3.700    70.511582     0.888648     0.045993      1787856 
    3.800    68.151137     0.859880     0.044802      1767735 
    3.900    55.364528     0.694767     0.036562      1761721 
    4.000    55.133485     0.702721     0.036152      1782299 
    4.100    71.246292     0.907366     0.046890      1772339 
    4.200    72.128241     0.918088     0.047812      1760458 
    4.300    57.246173     0.730864     0.037299      1792694 
    4.400    66.739935     0.853459     0.044043      1761463 
    4.500    71.967937     0.918602     0.047075      1794314 
    4.600    72.108504     0.920624     0.047266      1771664 
    4.700    67.423866     0.869003     0.044493      1750753 
    4.800    44.549799     0.576944     0.029292      1765845 
    4.900    43.879283     0.560816     0.028913      1764506 
    5.000    34.875648     0.445516     0.023122      1757627 
    5.100    48.264863     0.623217     0.031713      1767995 
    5.200    63.446017     0.810383     0.041607      1787016 
    5.300    51.936251     0.667170     0.034339      1760559 
    5.400    53.308554     0.671538     0.034879      1789569 
    5.500    53.140209     0.679775     0.034951      1779488 
    5.600    46.035549     0.592515     0.030223      1779754 
    5.700    44.012481     0.555376     0.028997      1761358 
    5.800    61.178164     0.780562     0.040302      1761272 
    5.900    53.288308     0.677113     0.035146      1760238 
    6.000    49.711451     0.643854     0.032967      1757105 
    6.100    39.978672     0.505522     0.026314      1772184 
    6.200    45.441972     0.572236     0.029991      1769101 
    6.300    44.232493     0.563487     0.028862      1779917 
    6.400    50.364600     0.647428     0.033364      1751783 
    6.500    47.437234     0.607356     0.031389      1765537 
    6.600    48.047952     0.613521     0.031473      1775235 
    6.700    45.428235     0.577646     0.029849      1754108 
    6.800    44.893700     0.577509     0.029986      1714831 
    6.900    30.430143     0.393682     0.020279      1730917 
    7.000    47.828601     0.617128     0.031683      1748527 
    7.100    36.838007     0.472308     0.024394      1761841 
    7.200    42.510998     0.548859     0.028265      1738680 
    7.300    47.841367     0.605658     0.031729      1773721 
    7.400    43.489676     0.547677     0.028538      1764804 
    7.500    28.991703     0.370610     0.019169      1746469 
    7.600    39.844837     0.509736     0.026304      1742960 
    7.700    45.649399     0.593563     0.030332      1747706 
    7.800    41.480490     0.529355     0.027808      1725402 
    7.900    33.898846     0.434113     0.022593      1734649 
    8.000    35.810678     0.450073     0.023719      1755695 
    8.100    32.536509     0.407775     0.021628      1739198 
    8.200    29.081149     0.375409     0.019175      1737293 
    8.300    27.948861     0.356928     0.018534      1749604 
    8.400    34.802263     0.449445     0.023221      1724310 
    8.500    26.548087     0.344867     0.017586      1757405 
    8.600    24.926579     0.320450     0.016456      1752917 
    8.700    24.673572     0.320585     0.016352      1738968 
    8.800    28.286785     0.362621     0.018774      1748908 
    8.900    20.182254     0.257517     0.013316      1744597 
    9.000    17.395961     0.223072     0.011523      1747873 
    9.100    26.445845     0.347637     0.017644      1721843 
    9.200    13.099338     0.170067     0.008813      1700920 
    9.300    25.072152     0.322944     0.016665      1749807 
    9.400    28.121848     0.359515     0.018825      1734423 
    9.500    30.424298     0.392318     0.020244      1725741 
    9.600    23.540695     0.309071     0.015750      1726465 
    9.700    10.319119     0.133990     0.006873      1738109 
    9.800    20.639805     0.264361     0.013746      1732223 
    9.900    17.187077     0.226263     0.011529      1719406 
   10.000    33.071728     0.425605     0.021845      1734035 
   10.100    28.881608     0.375769     0.019214      1712773 
   10.200    27.770663     0.354598     0.018444      1743786 
   10.300    25.318886     0.332823     0.016922      1715514 
   10.400    23.897754     0.309777     0.015956      1717738 
   10.500    24.070210     0.315473     0.016197      1712502 
   10.600    20.888941     0.270258     0.013924      1736001 
   10.700    20.142121     0.261365     0.013426      1740668 
   10.800    22.324474     0.284890     0.014878      1741909 
   10.900    27.833217     0.357201     0.018695      1713234 
   11.000    22.636386     0.293893     0.015037      1719553 
   11.100    10.255794     0.131334     0.006856      1708807 
   11.200    21.715696     0.276688     0.014551      1711037 
   11.300    29.281461     0.376976     0.019613      1709895 
   11.400    26.881376     0.350937     0.017957      1720082 
   11.500    21.502633     0.279482     0.014419      1711145 
   11.600    19.945939     0.257581     0.013388      1711692 
   11.700    26.428806     0.341374     0.017703      1716128 
   11.800    27.630901     0.357432     0.018446      1703337 
   11.900    21.155927     0.272699     0.014095      1719034 
   12.000    11.250533     0.145675     0.007570      1702914 
   12.100    14.019520     0.180398     0.009455      1705155 
   12.200    29.179043     0.378363     0.019603      1708914 
   12.300    21.938207     0.286550     0.014837      1694470 
   12.400    26.717196     0.345244     0.017834      1721548 
   12.500    14.496507     0.188347     0.009757      1704391 
   12.600    28.742477     0.369336     0.019230      1726232 
   12.700    15.210208     0.196949     0.010217      1720505 
   12.800    17.134685     0.218386     0.011470      1728395 
   12.900    26.164341     0.339010     0.017649      1706696 
   13.000     8.763077     0.113405     0.005898      1704221 
   13.100    30.645659     0.400466     0.020790      1690801 
   13.200    25.771590     0.339579     0.017381      1698612 
   13.300    13.335562     0.173763     0.008944      1709801 
   13.400     4.285160     0.056047     0.002904      1681425 
   13.500     6.678892     0.086794     0.004506      1689101 
   13.600    26.901315     0.356215     0.018183      1682611 
   13.700    16.889117     0.221657     0.011387      1698299 
   13.800    30.544746     0.406088     0.020663      1680188 
   13.900    20.160034     0.268976     0.013625      1679952 
   14.000    19.848202     0.263955     0.013535      1674401 
   14.100    26.522685     0.343052     0.017904      1684818 
   14.200    27.306384     0.355196     0.018431      1695285 
   14.300    27.847848     0.361179     0.018847      1684805 
   14.400    20.929766     0.273355     0.014078      1687059 
   14.500    35.914823     0.467140     0.024238      1697336 
   14.600    22.613864     0.295221     0.015210      1684773 
   14.700    11.770392     0.156793     0.007919      1678523 
   14.800    24.539279     0.326657     0.016728      1656435 
   14.900    21.087423     0.278144     0.014348      1658213 
   15.000    16.923797     0.221388     0.011575      1659148 
   15.100    13.893457     0.179899     0.009471      1657774 
   15.200    11.574945     0.152677     0.007908      1648750 
   15.300    12.582412     0.164806     0.008535      1672739 
   15.400     2.812075     0.036810     0.001915      1662935 
   15.500    16.474253     0.218283     0.011126      1685326 
   15.600     8.397407     0.109462     0.005617      1680899 
   15.700     2.179330     0.028471     0.001464      1685632 
   15.800    10.553169     0.137638     0.007194      1669774 
   15.900    28.185182     0.368568     0.019109      1672189 
   16.000    14.119597     0.185862     0.009610      1664307 
   16.100    16.539566     0.218883     0.011230      1663980 
   16.200    24.624195     0.321061     0.016740      1671947 
   16.300    19.217875     0.251557     0.013000      1673296 
   16.400    11.691766     0.151474     0.007980      1647978 
   16.500    13.637925     0.179554     0.009223      1661479 
   16.600    13.633738     0.181965     0.009234      1665195 
   16.700    24.469274     0.320812     0.016622      1666189 
   16.800    14.505900     0.188635     0.009834      1665875 
   16.900    19.844285     0.262642     0.013531      1660928 
   17.000    22.135649     0.294649     0.015193      1645451 
   17.100    15.809653     0.208930     0.010709      1673150 
   17.200    14.262241     0.187954     0.009681      1664484 
   17.300    18.488215     0.242197     0.012555      1665185 
   17.400    14.286476     0.185036     0.009686      1661315 
   17.500    18.926654     0.250039     0.012875      1648816 
   17.600    22.433024     0.294050     0.015252      1665405 
   17.700    17.131619     0.224515     0.011579      1675245 
   17.800    17.619725     0.232735     0.011965      1665657 
   17.900    11.730209     0.150759     0.007914      1681667 
   18.000    29.336105     0.385407     0.019848      1665031 
   18.100    22.683793     0.299981     0.015471      1653620 
   18.200    17.734436     0.230598     0.011978      1672689 
   18.300    14.863160     0.195906     0.010077      1669265 
   18.400    17.748973     0.233682     0.012053      1668806 
   18.500     7.916745     0.105003     0.005361      1661300 
   18.600    15.296858     0.200644     0.010453      1660486 
   18.700    14.858931     0.194624     0.010144      1677029 
   18.800     5.743279     0.076690     0.003926      1647196 
   18.900     8.381234     0.112014     0.005736      1648833 
   19.000    20.744731     0.274864     0.014157      1650059 
   19.100     4.453495     0.058608     0.003016      1664353 
   19.200    11.987641     0.156766     0.008091      1679342 
   19.300    18.481032     0.242777     0.012657      1652131 
   19.400    36.710549     0.480595     0.024997      1661279 
   19.500    19.448172     0.253776     0.013202      1666968 
   19.600    30.186394     0.395577     0.020581      1663052 
   19.700    26.965418     0.353169     0.018444      1658182 
   19.800    17.909594     0.235909     0.012229      1665471 
   19.900    25.005240     0.326949     0.016892      1686840 
   20.000    26.836957     0.346990     0.018213      1659683 
   20.100    23.536493     0.311722     0.015989      1652586 
   20.200    16.755330     0.220106     0.011386      1670954 
   20.300    30.546748     0.399345     0.020880      1651662 
   20.400    28.157781     0.370088     0.019012      1668388 
   20.500    16.702591     0.218691     0.011377      1659157 
   20.600    23.015323     0.304603     0.015665      1645612 
   20.700    33.732883     0.442058     0.022977      1659146 
   20.800    25.989056     0.341386     0.017802      1646241 
   20.900    17.302070     0.229481     0.011866      1653013 
   21.000    18.080846     0.238434     0.012400      1635970 
   21.100    16.766767     0.222545     0.011450      1627430 
   21.200    12.066679     0.160661     0.008299      1620898 
   21.300    15.523204     0.206525     0.010679      1631306 
   21.400    26.903216     0.355708     0.018609      1641763 
   21.500    20.773876     0.273842     0.014271      1632452 
   21.600    16.213191     0.211066     0.011103      1655208 
   21.700    40.986201     0.540518     0.028112      1636378 
   21.800    35.088023     0.460072     0.024135      1638784 
   21.900    18.612557     0.247132     0.012808      1628812 
   22.000    19.029829     0.250349     0.012962      1637447 
   22.100     9.943782     0.129266     0.006812      1633197 
   22.200    18.049706     0.234706     0.012337      1640446 
   22.300    14.115421     0.187598     0.009680      1620500 
   22.400     7.877878     0.104749     0.005404      1635383 
   22.500    13.278114     0.175927     0.009131      1619463 
   22.600    12.913101     0.169098     0.008915      1621194 
   22.700    23.609211     0.313380     0.016241      1625537 
   22.800    16.880339     0.222435     0.011557      1648283 
   22.900     8.157437     0.106420     0.005577      1629530 
   23.000     3.568005     0.046902     0.002446      1630005 
   23.100    12.744517     0.168564     0.008821      1623467 
   23.200    14.491469     0.191916     0.009966      1635427 
   23.300    13.553895     0.179503     0.009336      1626864 
   23.400    12.616727     0.167971     0.008613      1638658 
   23.500     7.369787     0.097576     0.005061      1606772 
   23.600    11.687744     0.153559     0.008004      1619864 
   23.700    17.483695     0.231571     0.012104      1607034 
   23.800    12.526120     0.166525     0.008632      1618742 
   23.900    34.343432     0.459057     0.023645      1625116 
   24.000    19.184030     0.250357     0.013173      1634037 
   24.100    22.423847     0.295335     0.015504      1624408 
   24.200     6.627436     0.088235     0.004548      1634733 
   24.300    11.280053     0.151440     0.007696      1631043 
   24.400    21.718501     0.291432     0.014983      1623836 
   24.500    18.617971     0.247518     0.012859      1621150 
   24.600    22.070445     0.289495     0.015186      1619117 
   24.700    13.395483     0.179649     0.009272      1614305 
   24.800    -2.016847    -0.026849    -0.001388      1623350 
   24.900    20.670072     0.272961     0.014259      1617223 
   25.000    11.594665     0.151786     0.008029      1603240 
   25.100    -6.032426    -0.079961    -0.004168      1608808 
   25.200     9.043629     0.119786     0.006279      1597598 
   25.300    24.336374     0.321973     0.016674      1622660 
   25.400    23.324363     0.311073     0.016093      1609905 
   25.500    27.333616     0.368432     0.018957      1588547 
   25.600     8.300441     0.112066     0.005777      1584128 
   25.700    15.496850     0.205081     0.010788      1598999 
   25.800     3.201046     0.042580     0.002227      1595412 
   25.900    -0.013635    -0.000184    -0.000009      1600851 
   26.000    19.717361     0.263316     0.013567      1608286 
   26.100     5.217912     0.071074     0.003612      1589598 
   26.200    11.218940     0.149907     0.007782      1602575 
   26.300     8.097975     0.109963     0.005638      1576320 
   26.400    -6.482749    -0.087277    -0.004517      1579585 
   26.500     0.140185     0.001865     0.000098      1599048 
   26.600    10.288260     0.136690     0.007147      1585964 
   26.700    17.322970     0.232424     0.011961      1596697 
   26.800     3.651850     0.049881     0.002557      1564671 
   26.900     1.216555     0.016603     0.000847      1584751 
   27.000    10.416646     0.142416     0.007294      1561261 
   27.100    12.328093     0.165811     0.008626      1570174 
   27.200     5.013771     0.067338     0.003509      1573938 
   27.300    15.300595     0.203340     0.010686      1569256 
   27.400     1.365555     0.018335     0.000954      1571651 
   27.500     5.322407     0.072038     0.003702      1588436 
   27.600     5.630429     0.075767     0.003945      1564489 
   27.700    17.662137     0.237623     0.012403      1564986 
   27.800     3.124293     0.042510     0.002200      1550769 
   27.900     6.840374     0.093545     0.004792      1561745 
   28.000     4.749523     0.065313     0.003326      1552975 
   28.100    11.916572     0.165199     0.008340      1557576 
   28.200     7.326689     0.099496     0.005103      1567852 
   28.300    16.497173     0.222560     0.011644      1564326 
   28.400    14.111762     0.188379     0.009891      1591910 
   28.500    15.134302     0.204803     0.010633      1570238 
   28.600    17.613314     0.236666     0.012395      1555126 
   28.700    15.543854     0.210376     0.010977      1555568 
   28.800    10.804870     0.147797     0.007619      1555882 
   28.900     7.554584     0.103332     0.005321      1542807 
   29.000     5.812990     0.078656     0.004060      1573853 
   29.100     4.944806     0.067504     0.003481      1573271 
   29.200    -2.736158    -0.037221    -0.001926      1563537 
   29.300    -6.151361    -0.083640    -0.004321      1556375 
   29.400     4.728689     0.063896     0.003354      1552384 
   29.500    13.093072     0.176819     0.009255      1553367 
   29.600     9.307183     0.128142     0.006527      1563811 
   29.700    -0.168707    -0.002292    -0.000119      1552320 
   29.800    -5.363736    -0.073120    -0.003795      1543521 
   29.900     0.246614     0.003377     0.000174      1540713 
   30.000    19.373572     0.260120     0.013635      1565573 
   30.100    13.234497     0.181290     0.009396      1543900 
   30.200    16.323418     0.225316     0.011499      1549532 
   30.300   -10.735649    -0.145890    -0.007556      1543731 
   30.400   -12.252946    -0.165904    -0.008605      1550789 
   30.500    12.276918     0.167857     0.008758      1530485 
   30.600    11.445303     0.157313     0.008176      1518356 
   30.700     6.076953     0.082257     0.004325      1546656 
   30.800     1.804070     0.024269     0.001272      1553671 
   30.900     3.087714     0.041997     0.002179      1556176 
   31.000    12.018366     0.165817     0.008463      1547052 
   31.100    -0.486062    -0.006617    -0.000344      1538891 
   31.200     1.672811     0.022573     0.001180      1545480 
   31.300    -3.473488    -0.046779    -0.002450      1551671 
   31.400    -5.754814    -0.078665    -0.004085      1528006 
   31.500    -0.950972    -0.013045    -0.000675      1523861 
   31.600    22.744634     0.308412     0.016182      1524418 
   31.700    -1.328109    -0.017755    -0.000943      1515726 
   31.800    -3.659701    -0.048909    -0.002587      1549565 
   31.900     1.842068     0.025091     0.001307      1527671 
   32.000    -7.174018    -0.097659    -0.005044      1532710 
   32.100     1.847069     0.025210     0.001306      1532191 
   32.200     2.244916     0.030394     0.001592      1533054 
   32.300     2.767509     0.036999     0.001962      1530111 
   32.400    -1.571912    -0.021210    -0.001118      1522100 
   32.500    -5.313091    -0.072221    -0.003767      1537301 
   32.600     3.929410     0.053545     0.002766      1559092 
   32.700    -7.731767    -0.106702    -0.005492      1526935 
   32.800    -4.936584    -0.066909    -0.003552      1502681 
   32.900     3.235075     0.044849     0.002305      1503729 
   33.000    10.963763     0.150659     0.007703      1545495 
   33.100    -2.936842    -0.039952    -0.002088      1532700 
   33.200    -9.859966    -0.136110    -0.007035      1524828 
   33.300    -0.837358    -0.011513    -0.000596      1525047 
   33.400    -7.024467    -0.097321    -0.005021      1520066 
   33.500    -5.075029    -0.070637    -0.003643      1503115 
   33.600    -9.544320    -0.131584    -0.006811      1508506 
   33.700    -0.634477    -0.008780    -0.000454      1508104 
   33.800   -11.903681    -0.163980    -0.008497      1501241 
   33.900    -3.430284    -0.047985    -0.002444      1504367 
   34.000     3.190436     0.044734     0.002282      1497036 
   34.100    -2.843855    -0.039850    -0.002016      1502745 
   34.200    -3.418570    -0.047130    -0.002477      1485191 
   34.300     1.247351     0.017196     0.000898      1504772 
   34.400    -2.591791    -0.036683    -0.001877      1482483 
   34.500     4.410843     0.061268     0.003146      1515217 
   34.600     6.069052     0.083743     0.004314      1518894 
   34.700    14.102039     0.195210     0.010116      1493446 
   34.800     9.695665     0.135130     0.006957      1505119 
   34.900     2.928205     0.040822     0.002093      1500566 
   35.000     3.940655     0.054320     0.002833      1484581 
   35.100     2.481051     0.034084     0.001774      1509834 
   35.200     2.346468     0.032856     0.001690      1475333 
   35.300     2.776484     0.038126     0.002000      1487342 
   35.400     9.119640     0.125195     0.006540      1493469 
   35.500     4.816995     0.066934     0.003481      1486856 
   35.600    -5.692672    -0.079065    -0.004101      1498490 
   35.700     2.369520     0.032702     0.001697      1486466 
   35.800    -0.815241    -0.011218    -0.000583      1494209 
   35.900    12.231711     0.170007     0.008828      1487555 
   36.000     5.429333     0.075124     0.003906      1493407 
   36.100    -5.847112    -0.080624    -0.004219      1480622 
   36.200    16.003143     0.222466     0.011504      1489246 
   36.300     1.904122     0.026624     0.001377      1468779 
   36.400     8.531830     0.121451     0.006144      1463403 
   36.500     6.883084     0.097577     0.004962      1480866 
   36.600    -4.155108    -0.058607    -0.003009      1460500 
   36.700    -4.345763    -0.059991    -0.003139      1482545 
   36.800    13.527741     0.190228     0.009841      1470461 
   36.900    -3.059321    -0.042864    -0.002224      1454710 
   37.000    -2.305805    -0.032324    -0.001647      1481882 
   37.100    -8.327076    -0.116926    -0.005984      1475169 
   37.200     2.007354     0.028116     0.001460      1450216 
   37.300     3.805742     0.054121     0.002776      1457381 
   37.400     0.387275     0.005476     0.000279      1481066 
   37.500    13.610650     0.191709     0.009918      1457098 
   37.600    12.926088     0.182798     0.009435      1446762 
   37.700    12.166793     0.172952     0.008887      1439206 
   37.800     8.589865     0.122656     0.006214      1449868 
   37.900    10.430776     0.144586     0.007587      1449720 
   38.000     2.346667     0.032544     0.001696      1478846 
   38.100    10.570858     0.148558     0.007652      1475319 
   38.200     6.074074     0.086019     0.004444      1442985 
   38.300    -8.206558    -0.117420    -0.006042      1428977 
   38.400     9.624076     0.134679     0.006971      1455666 
   38.500    -2.006448    -0.028322    -0.001462      1448416 
   38.600    -9.559607    -0.135565    -0.006995      1446699 
   38.700     1.864089     0.026293     0.001374      1432123 
   38.800     1.983347     0.027659     0.001445      1461025 
   38.900     2.041995     0.028543     0.001494      1452896 
   39.000    -4.409401    -0.061731    -0.003243      1438736 
   39.100    -6.963786    -0.097359    -0.005100      1438825 
   39.200    -5.588740    -0.077734    -0.004024      1458519 
   39.300     3.133736     0.044651     0.002302      1439664 
   39.400     0.259206     0.003665     0.000188      1452771 
   39.500     6.894185     0.097935     0.005065      1441153 
   39.600     4.102537     0.057528     0.002996      1448762 
   39.700     2.234795     0.030971     0.001624      1457418 
   39.800    15.167274     0.213841     0.011122      1441144 
   39.900    12.585378     0.177783     0.009158      1454617 
   40.000     6.695236     0.094136     0.004903      1439828 
